Date,Venue,Balls,Runs,Wickets,Toss,Team_Playing,RPO,Team1,Team2,Team_Won,form_difference
2014-07-22,Bulawayo,1,0,0,Afghanistan,Afghanistan,0.0,Zimbabwe,Afghanistan,Afghanistan,-2998687221.02
2014-07-22,Bulawayo,2,0,0,Afghanistan,Afghanistan,0.0,Zimbabwe,Afghanistan,Afghanistan,-2998687221.02
2014-07-22,Bulawayo,3,0,0,Afghanistan,Afghanistan,0.0,Zimbabwe,Afghanistan,Afghanistan,-2998687221.02
2014-07-22,Bulawayo,4,0,0,Afghanistan,Afghanistan,0.0,Zimbabwe,Afghanistan,Afghanistan,-2998687221.02
2014-07-22,Bulawayo,5,1,0,Afghanistan,Afghanistan,1.2,Zimbabwe,Afghanistan,Afghanistan,-2998687221.02
2014-07-22,Bulawayo,6,1,0,Afghanistan,Afghanistan,1.0,Zimbabwe,Afghanistan,Afghanistan,-2998687221.02
2014-07-22,Bulawayo,7,3,0,Afghanistan,Afghanistan,2.5714285714285716,Zimbabwe,Afghanistan,Afghanistan,-2998687221.02
2014-07-22,Bulawayo,8,3,0,Afghanistan,Afghanistan,2.25,Zimbabwe,Afghanistan,Afghanistan,-2998687221.02
2014-07-22,Bulawayo,9,3,0,Afghanistan,Afghanistan,2.0,Zimbabwe,Afghanistan,Afghanistan,-2998687221.02
2014-07-22,Bulawayo,10,5,0,Afghanistan,Afghanistan,3.0,Zimbabwe,Afghanistan,Afghanistan,-2998687221.02
2014-07-22,Bulawayo,11,5,0,Afghanistan,Afghanistan,2.727272727272727,Zimbabwe,Afghanistan,Afghanistan,-2998687221.02
2014-07-22,Bulawayo,12,5,0,Afghanistan,Afghanistan,2.5,Zimbabwe,Afghanistan,Afghanistan,-2998687221.02
2014-07-22,Bulawayo,13,5,0,Afghanistan,Afghanistan,2.3076923076923075,Zimbabwe,Afghanistan,Afghanistan,-2998687221.02
2014-07-22,Bulawayo,14,5,0,Afghanistan,Afghanistan,2.142857142857143,Zimbabwe,Afghanistan,Afghanistan,-2998687221.02
2014-07-22,Bulawayo,15,7,0,Afghanistan,Afghanistan,2.8,Zimbabwe,Afghanistan,Afghanistan,-2998687221.02
2014-07-22,Bulawayo,16,11,0,Afghanistan,Afghanistan,4.125,Zimbabwe,Afghanistan,Afghanistan,-2998687221.02
2014-07-22,Bulawayo,17,13,0,Afghanistan,Afghanistan,4.588235294117647,Zimbabwe,Afghanistan,Afghanistan,-2998687221.02
2014-07-22,Bulawayo,18,15,0,Afghanistan,Afghanistan,5.0,Zimbabwe,Afghanistan,Afghanistan,-2998687221.02
2014-07-22,Bulawayo,19,19,0,Afghanistan,Afghanistan,6.0,Zimbabwe,Afghanistan,Afghanistan,-2998687221.02
2014-07-22,Bulawayo,20,20,0,Afghanistan,Afghanistan,6.0,Zimbabwe,Afghanistan,Afghanistan,-2998687221.02
2014-07-22,Bulawayo,21,20,0,Afghanistan,Afghanistan,5.714285714285714,Zimbabwe,Afghanistan,Afghanistan,-2998687221.02
2014-07-22,Bulawayo,22,26,0,Afghanistan,Afghanistan,7.090909090909091,Zimbabwe,Afghanistan,Afghanistan,-2998687221.02
2014-07-22,Bulawayo,23,26,0,Afghanistan,Afghanistan,6.782608695652174,Zimbabwe,Afghanistan,Afghanistan,-2998687221.02
2014-07-22,Bulawayo,24,27,0,Afghanistan,Afghanistan,6.75,Zimbabwe,Afghanistan,Afghanistan,-2998687221.02
2014-07-22,Bulawayo,24,28,0,Afghanistan,Afghanistan,7.0,Zimbabwe,Afghanistan,Afghanistan,-2998687221.02
2014-07-22,Bulawayo,24,29,0,Afghanistan,Afghanistan,7.25,Zimbabwe,Afghanistan,Afghanistan,-2998687221.02
2014-07-22,Bulawayo,24,30,0,Afghanistan,Afghanistan,7.5,Zimbabwe,Afghanistan,Afghanistan,-2998687221.02
2014-07-22,Bulawayo,25,30,0,Afghanistan,Afghanistan,7.2,Zimbabwe,Afghanistan,Afghanistan,-2998687221.02
2014-07-22,Bulawayo,26,32,0,Afghanistan,Afghanistan,7.384615384615385,Zimbabwe,Afghanistan,Afghanistan,-2998687221.02
2014-07-22,Bulawayo,27,32,0,Afghanistan,Afghanistan,7.111111111111111,Zimbabwe,Afghanistan,Afghanistan,-2998687221.02
2014-07-22,Bulawayo,28,34,0,Afghanistan,Afghanistan,7.285714285714286,Zimbabwe,Afghanistan,Afghanistan,-2998687221.02
2014-07-22,Bulawayo,29,35,0,Afghanistan,Afghanistan,7.241379310344827,Zimbabwe,Afghanistan,Afghanistan,-2998687221.02
2014-07-22,Bulawayo,30,35,0,Afghanistan,Afghanistan,7.0,Zimbabwe,Afghanistan,Afghanistan,-2998687221.02
2014-07-22,Bulawayo,31,39,0,Afghanistan,Afghanistan,7.548387096774194,Zimbabwe,Afghanistan,Afghanistan,-2998687221.02
2014-07-22,Bulawayo,32,39,0,Afghanistan,Afghanistan,7.3125,Zimbabwe,Afghanistan,Afghanistan,-2998687221.02
2014-07-22,Bulawayo,33,39,0,Afghanistan,Afghanistan,7.090909090909091,Zimbabwe,Afghanistan,Afghanistan,-2998687221.02
2014-07-22,Bulawayo,34,45,0,Afghanistan,Afghanistan,7.9411764705882355,Zimbabwe,Afghanistan,Afghanistan,-2998687221.02
2014-07-22,Bulawayo,35,47,0,Afghanistan,Afghanistan,8.057142857142857,Zimbabwe,Afghanistan,Afghanistan,-2998687221.02
2014-07-22,Bulawayo,36,47,0,Afghanistan,Afghanistan,7.833333333333333,Zimbabwe,Afghanistan,Afghanistan,-2998687221.02
2014-07-22,Bulawayo,37,47,0,Afghanistan,Afghanistan,7.621621621621622,Zimbabwe,Afghanistan,Afghanistan,-2998687221.02
2014-07-22,Bulawayo,38,48,0,Afghanistan,Afghanistan,7.578947368421052,Zimbabwe,Afghanistan,Afghanistan,-2998687221.02
2014-07-22,Bulawayo,39,48,0,Afghanistan,Afghanistan,7.384615384615385,Zimbabwe,Afghanistan,Afghanistan,-2998687221.02
2014-07-22,Bulawayo,40,48,0,Afghanistan,Afghanistan,7.2,Zimbabwe,Afghanistan,Afghanistan,-2998687221.02
2014-07-22,Bulawayo,41,49,0,Afghanistan,Afghanistan,7.170731707317073,Zimbabwe,Afghanistan,Afghanistan,-2998687221.02
2014-07-22,Bulawayo,42,53,0,Afghanistan,Afghanistan,7.571428571428571,Zimbabwe,Afghanistan,Afghanistan,-2998687221.02
2014-07-22,Bulawayo,43,54,0,Afghanistan,Afghanistan,7.534883720930233,Zimbabwe,Afghanistan,Afghanistan,-2998687221.02
2014-07-22,Bulawayo,44,54,0,Afghanistan,Afghanistan,7.363636363636363,Zimbabwe,Afghanistan,Afghanistan,-2998687221.02
2014-07-22,Bulawayo,45,54,0,Afghanistan,Afghanistan,7.2,Zimbabwe,Afghanistan,Afghanistan,-2998687221.02
2014-07-22,Bulawayo,46,58,0,Afghanistan,Afghanistan,7.565217391304348,Zimbabwe,Afghanistan,Afghanistan,-2998687221.02
2014-07-22,Bulawayo,47,59,0,Afghanistan,Afghanistan,7.531914893617022,Zimbabwe,Afghanistan,Afghanistan,-2998687221.02
2014-07-22,Bulawayo,48,59,0,Afghanistan,Afghanistan,7.375,Zimbabwe,Afghanistan,Afghanistan,-2998687221.02
2014-07-22,Bulawayo,49,60,0,Afghanistan,Afghanistan,7.346938775510204,Zimbabwe,Afghanistan,Afghanistan,-2998687221.02
2014-07-22,Bulawayo,50,60,0,Afghanistan,Afghanistan,7.2,Zimbabwe,Afghanistan,Afghanistan,-2998687221.02
2014-07-22,Bulawayo,51,60,0,Afghanistan,Afghanistan,7.0588235294117645,Zimbabwe,Afghanistan,Afghanistan,-2998687221.02
2014-07-22,Bulawayo,52,60,0,Afghanistan,Afghanistan,6.923076923076923,Zimbabwe,Afghanistan,Afghanistan,-2998687221.02
2014-07-22,Bulawayo,53,61,0,Afghanistan,Afghanistan,6.90566037735849,Zimbabwe,Afghanistan,Afghanistan,-2998687221.02
2014-07-22,Bulawayo,54,63,0,Afghanistan,Afghanistan,7.0,Zimbabwe,Afghanistan,Afghanistan,-2998687221.02
2014-07-22,Bulawayo,55,63,0,Afghanistan,Afghanistan,6.872727272727273,Zimbabwe,Afghanistan,Afghanistan,-2998687221.02
2014-07-22,Bulawayo,56,63,0,Afghanistan,Afghanistan,6.75,Zimbabwe,Afghanistan,Afghanistan,-2998687221.02
2014-07-22,Bulawayo,57,63,0,Afghanistan,Afghanistan,6.631578947368421,Zimbabwe,Afghanistan,Afghanistan,-2998687221.02
2014-07-22,Bulawayo,58,67,0,Afghanistan,Afghanistan,6.931034482758621,Zimbabwe,Afghanistan,Afghanistan,-2998687221.02
2014-07-22,Bulawayo,59,67,0,Afghanistan,Afghanistan,6.813559322033898,Zimbabwe,Afghanistan,Afghanistan,-2998687221.02
2014-07-22,Bulawayo,60,67,0,Afghanistan,Afghanistan,6.7,Zimbabwe,Afghanistan,Afghanistan,-2998687221.02
2014-07-22,Bulawayo,61,69,0,Afghanistan,Afghanistan,6.786885245901639,Zimbabwe,Afghanistan,Afghanistan,-2998687221.02
2014-07-22,Bulawayo,62,69,0,Afghanistan,Afghanistan,6.67741935483871,Zimbabwe,Afghanistan,Afghanistan,-2998687221.02
2014-07-22,Bulawayo,63,69,0,Afghanistan,Afghanistan,6.571428571428571,Zimbabwe,Afghanistan,Afghanistan,-2998687221.02
2014-07-22,Bulawayo,64,69,0,Afghanistan,Afghanistan,6.46875,Zimbabwe,Afghanistan,Afghanistan,-2998687221.02
2014-07-22,Bulawayo,65,69,0,Afghanistan,Afghanistan,6.369230769230769,Zimbabwe,Afghanistan,Afghanistan,-2998687221.02
2014-07-22,Bulawayo,66,69,0,Afghanistan,Afghanistan,6.2727272727272725,Zimbabwe,Afghanistan,Afghanistan,-2998687221.02
2014-07-22,Bulawayo,67,70,0,Afghanistan,Afghanistan,6.268656716417911,Zimbabwe,Afghanistan,Afghanistan,-2998687221.02
2014-07-22,Bulawayo,68,71,0,Afghanistan,Afghanistan,6.264705882352941,Zimbabwe,Afghanistan,Afghanistan,-2998687221.02
2014-07-22,Bulawayo,69,71,0,Afghanistan,Afghanistan,6.173913043478261,Zimbabwe,Afghanistan,Afghanistan,-2998687221.02
2014-07-22,Bulawayo,70,73,0,Afghanistan,Afghanistan,6.257142857142857,Zimbabwe,Afghanistan,Afghanistan,-2998687221.02
2014-07-22,Bulawayo,71,73,0,Afghanistan,Afghanistan,6.169014084507042,Zimbabwe,Afghanistan,Afghanistan,-2998687221.02
2014-07-22,Bulawayo,72,77,0,Afghanistan,Afghanistan,6.416666666666667,Zimbabwe,Afghanistan,Afghanistan,-2998687221.02
2014-07-22,Bulawayo,73,78,0,Afghanistan,Afghanistan,6.410958904109589,Zimbabwe,Afghanistan,Afghanistan,-2998687221.02
2014-07-22,Bulawayo,74,78,0,Afghanistan,Afghanistan,6.324324324324325,Zimbabwe,Afghanistan,Afghanistan,-2998687221.02
2014-07-22,Bulawayo,75,79,0,Afghanistan,Afghanistan,6.32,Zimbabwe,Afghanistan,Afghanistan,-2998687221.02
2014-07-22,Bulawayo,76,83,0,Afghanistan,Afghanistan,6.552631578947368,Zimbabwe,Afghanistan,Afghanistan,-2998687221.02
2014-07-22,Bulawayo,77,83,0,Afghanistan,Afghanistan,6.467532467532467,Zimbabwe,Afghanistan,Afghanistan,-2998687221.02
2014-07-22,Bulawayo,78,83,0,Afghanistan,Afghanistan,6.384615384615385,Zimbabwe,Afghanistan,Afghanistan,-2998687221.02
2014-07-22,Bulawayo,79,83,0,Afghanistan,Afghanistan,6.30379746835443,Zimbabwe,Afghanistan,Afghanistan,-2998687221.02
2014-07-22,Bulawayo,80,83,1,Afghanistan,Afghanistan,6.225,Zimbabwe,Afghanistan,Afghanistan,-2998687221.02
2014-07-22,Bulawayo,81,83,1,Afghanistan,Afghanistan,6.148148148148148,Zimbabwe,Afghanistan,Afghanistan,-2998687221.02
2014-07-22,Bulawayo,82,83,1,Afghanistan,Afghanistan,6.073170731707317,Zimbabwe,Afghanistan,Afghanistan,-2998687221.02
2014-07-22,Bulawayo,83,83,1,Afghanistan,Afghanistan,6.0,Zimbabwe,Afghanistan,Afghanistan,-2998687221.02
2014-07-22,Bulawayo,84,83,1,Afghanistan,Afghanistan,5.928571428571429,Zimbabwe,Afghanistan,Afghanistan,-2998687221.02
2014-07-22,Bulawayo,85,83,1,Afghanistan,Afghanistan,5.858823529411764,Zimbabwe,Afghanistan,Afghanistan,-2998687221.02
2014-07-22,Bulawayo,86,83,1,Afghanistan,Afghanistan,5.790697674418604,Zimbabwe,Afghanistan,Afghanistan,-2998687221.02
2014-07-22,Bulawayo,87,83,1,Afghanistan,Afghanistan,5.724137931034483,Zimbabwe,Afghanistan,Afghanistan,-2998687221.02
2014-07-22,Bulawayo,88,83,2,Afghanistan,Afghanistan,5.659090909090909,Zimbabwe,Afghanistan,Afghanistan,-2998687221.02
2014-07-22,Bulawayo,89,84,2,Afghanistan,Afghanistan,5.662921348314606,Zimbabwe,Afghanistan,Afghanistan,-2998687221.02
2014-07-22,Bulawayo,90,85,2,Afghanistan,Afghanistan,5.666666666666667,Zimbabwe,Afghanistan,Afghanistan,-2998687221.02
2014-07-22,Bulawayo,90,89,2,Afghanistan,Afghanistan,5.933333333333334,Zimbabwe,Afghanistan,Afghanistan,-2998687221.02
2014-07-22,Bulawayo,91,89,2,Afghanistan,Afghanistan,5.868131868131868,Zimbabwe,Afghanistan,Afghanistan,-2998687221.02
2014-07-22,Bulawayo,92,89,2,Afghanistan,Afghanistan,5.804347826086956,Zimbabwe,Afghanistan,Afghanistan,-2998687221.02
2014-07-22,Bulawayo,93,90,2,Afghanistan,Afghanistan,5.806451612903226,Zimbabwe,Afghanistan,Afghanistan,-2998687221.02
2014-07-22,Bulawayo,94,90,2,Afghanistan,Afghanistan,5.74468085106383,Zimbabwe,Afghanistan,Afghanistan,-2998687221.02
2014-07-22,Bulawayo,95,91,2,Afghanistan,Afghanistan,5.747368421052632,Zimbabwe,Afghanistan,Afghanistan,-2998687221.02
2014-07-22,Bulawayo,96,92,2,Afghanistan,Afghanistan,5.75,Zimbabwe,Afghanistan,Afghanistan,-2998687221.02
2014-07-22,Bulawayo,97,93,2,Afghanistan,Afghanistan,5.752577319587629,Zimbabwe,Afghanistan,Afghanistan,-2998687221.02
2014-07-22,Bulawayo,98,93,2,Afghanistan,Afghanistan,5.6938775510204085,Zimbabwe,Afghanistan,Afghanistan,-2998687221.02
2014-07-22,Bulawayo,99,94,2,Afghanistan,Afghanistan,5.696969696969697,Zimbabwe,Afghanistan,Afghanistan,-2998687221.02
2014-07-22,Bulawayo,100,94,2,Afghanistan,Afghanistan,5.64,Zimbabwe,Afghanistan,Afghanistan,-2998687221.02
2014-07-22,Bulawayo,101,94,2,Afghanistan,Afghanistan,5.584158415841584,Zimbabwe,Afghanistan,Afghanistan,-2998687221.02
2014-07-22,Bulawayo,102,98,2,Afghanistan,Afghanistan,5.764705882352941,Zimbabwe,Afghanistan,Afghanistan,-2998687221.02
2014-07-22,Bulawayo,103,98,2,Afghanistan,Afghanistan,5.70873786407767,Zimbabwe,Afghanistan,Afghanistan,-2998687221.02
2014-07-22,Bulawayo,104,100,2,Afghanistan,Afghanistan,5.769230769230769,Zimbabwe,Afghanistan,Afghanistan,-2998687221.02
2014-07-22,Bulawayo,105,101,2,Afghanistan,Afghanistan,5.771428571428571,Zimbabwe,Afghanistan,Afghanistan,-2998687221.02
2014-07-22,Bulawayo,106,101,2,Afghanistan,Afghanistan,5.716981132075472,Zimbabwe,Afghanistan,Afghanistan,-2998687221.02
2014-07-22,Bulawayo,107,101,2,Afghanistan,Afghanistan,5.663551401869159,Zimbabwe,Afghanistan,Afghanistan,-2998687221.02
2014-07-22,Bulawayo,108,101,2,Afghanistan,Afghanistan,5.611111111111111,Zimbabwe,Afghanistan,Afghanistan,-2998687221.02
2014-07-22,Bulawayo,109,105,2,Afghanistan,Afghanistan,5.779816513761468,Zimbabwe,Afghanistan,Afghanistan,-2998687221.02
2014-07-22,Bulawayo,110,106,2,Afghanistan,Afghanistan,5.781818181818182,Zimbabwe,Afghanistan,Afghanistan,-2998687221.02
2014-07-22,Bulawayo,111,110,2,Afghanistan,Afghanistan,5.945945945945946,Zimbabwe,Afghanistan,Afghanistan,-2998687221.02
2014-07-22,Bulawayo,112,110,2,Afghanistan,Afghanistan,5.892857142857143,Zimbabwe,Afghanistan,Afghanistan,-2998687221.02
2014-07-22,Bulawayo,113,111,2,Afghanistan,Afghanistan,5.893805309734513,Zimbabwe,Afghanistan,Afghanistan,-2998687221.02
2014-07-22,Bulawayo,114,111,2,Afghanistan,Afghanistan,5.842105263157895,Zimbabwe,Afghanistan,Afghanistan,-2998687221.02
2014-07-22,Bulawayo,114,111,2,Afghanistan,Afghanistan,5.842105263157895,Zimbabwe,Afghanistan,Afghanistan,-2998687221.02
2014-07-22,Bulawayo,115,111,2,Afghanistan,Afghanistan,5.791304347826087,Zimbabwe,Afghanistan,Afghanistan,-2998687221.02
2014-07-22,Bulawayo,116,112,2,Afghanistan,Afghanistan,5.793103448275862,Zimbabwe,Afghanistan,Afghanistan,-2998687221.02
2014-07-22,Bulawayo,117,112,2,Afghanistan,Afghanistan,5.743589743589744,Zimbabwe,Afghanistan,Afghanistan,-2998687221.02
2014-07-22,Bulawayo,118,112,2,Afghanistan,Afghanistan,5.694915254237288,Zimbabwe,Afghanistan,Afghanistan,-2998687221.02
2014-07-22,Bulawayo,119,112,2,Afghanistan,Afghanistan,5.647058823529412,Zimbabwe,Afghanistan,Afghanistan,-2998687221.02
2014-07-22,Bulawayo,120,112,2,Afghanistan,Afghanistan,5.6,Zimbabwe,Afghanistan,Afghanistan,-2998687221.02
2014-07-22,Bulawayo,121,112,3,Afghanistan,Afghanistan,5.553719008264463,Zimbabwe,Afghanistan,Afghanistan,-2998687221.02
2014-07-22,Bulawayo,122,112,3,Afghanistan,Afghanistan,5.508196721311475,Zimbabwe,Afghanistan,Afghanistan,-2998687221.02
2014-07-22,Bulawayo,123,113,3,Afghanistan,Afghanistan,5.512195121951219,Zimbabwe,Afghanistan,Afghanistan,-2998687221.02
2014-07-22,Bulawayo,124,113,3,Afghanistan,Afghanistan,5.467741935483871,Zimbabwe,Afghanistan,Afghanistan,-2998687221.02
2014-07-22,Bulawayo,125,114,3,Afghanistan,Afghanistan,5.472,Zimbabwe,Afghanistan,Afghanistan,-2998687221.02
2014-07-22,Bulawayo,126,115,3,Afghanistan,Afghanistan,5.476190476190476,Zimbabwe,Afghanistan,Afghanistan,-2998687221.02
2014-07-22,Bulawayo,127,115,3,Afghanistan,Afghanistan,5.433070866141732,Zimbabwe,Afghanistan,Afghanistan,-2998687221.02
2014-07-22,Bulawayo,128,115,3,Afghanistan,Afghanistan,5.390625,Zimbabwe,Afghanistan,Afghanistan,-2998687221.02
2014-07-22,Bulawayo,129,115,3,Afghanistan,Afghanistan,5.348837209302325,Zimbabwe,Afghanistan,Afghanistan,-2998687221.02
2014-07-22,Bulawayo,130,115,3,Afghanistan,Afghanistan,5.3076923076923075,Zimbabwe,Afghanistan,Afghanistan,-2998687221.02
2014-07-22,Bulawayo,131,115,3,Afghanistan,Afghanistan,5.267175572519084,Zimbabwe,Afghanistan,Afghanistan,-2998687221.02
2014-07-22,Bulawayo,132,115,3,Afghanistan,Afghanistan,5.2272727272727275,Zimbabwe,Afghanistan,Afghanistan,-2998687221.02
2014-07-22,Bulawayo,133,115,3,Afghanistan,Afghanistan,5.18796992481203,Zimbabwe,Afghanistan,Afghanistan,-2998687221.02
2014-07-22,Bulawayo,134,115,3,Afghanistan,Afghanistan,5.149253731343284,Zimbabwe,Afghanistan,Afghanistan,-2998687221.02
2014-07-22,Bulawayo,135,116,3,Afghanistan,Afghanistan,5.155555555555556,Zimbabwe,Afghanistan,Afghanistan,-2998687221.02
2014-07-22,Bulawayo,136,116,3,Afghanistan,Afghanistan,5.117647058823529,Zimbabwe,Afghanistan,Afghanistan,-2998687221.02
2014-07-22,Bulawayo,137,117,3,Afghanistan,Afghanistan,5.124087591240876,Zimbabwe,Afghanistan,Afghanistan,-2998687221.02
2014-07-22,Bulawayo,138,117,3,Afghanistan,Afghanistan,5.086956521739131,Zimbabwe,Afghanistan,Afghanistan,-2998687221.02
2014-07-22,Bulawayo,139,117,3,Afghanistan,Afghanistan,5.0503597122302155,Zimbabwe,Afghanistan,Afghanistan,-2998687221.02
2014-07-22,Bulawayo,140,118,3,Afghanistan,Afghanistan,5.057142857142857,Zimbabwe,Afghanistan,Afghanistan,-2998687221.02
2014-07-22,Bulawayo,141,118,3,Afghanistan,Afghanistan,5.0212765957446805,Zimbabwe,Afghanistan,Afghanistan,-2998687221.02
2014-07-22,Bulawayo,142,118,3,Afghanistan,Afghanistan,4.985915492957746,Zimbabwe,Afghanistan,Afghanistan,-2998687221.02
2014-07-22,Bulawayo,143,122,3,Afghanistan,Afghanistan,5.118881118881119,Zimbabwe,Afghanistan,Afghanistan,-2998687221.02
2014-07-22,Bulawayo,144,122,3,Afghanistan,Afghanistan,5.083333333333333,Zimbabwe,Afghanistan,Afghanistan,-2998687221.02
2014-07-22,Bulawayo,145,123,3,Afghanistan,Afghanistan,5.089655172413793,Zimbabwe,Afghanistan,Afghanistan,-2998687221.02
2014-07-22,Bulawayo,146,127,3,Afghanistan,Afghanistan,5.219178082191781,Zimbabwe,Afghanistan,Afghanistan,-2998687221.02
2014-07-22,Bulawayo,147,127,3,Afghanistan,Afghanistan,5.183673469387755,Zimbabwe,Afghanistan,Afghanistan,-2998687221.02
2014-07-22,Bulawayo,148,129,3,Afghanistan,Afghanistan,5.22972972972973,Zimbabwe,Afghanistan,Afghanistan,-2998687221.02
2014-07-22,Bulawayo,149,130,3,Afghanistan,Afghanistan,5.23489932885906,Zimbabwe,Afghanistan,Afghanistan,-2998687221.02
2014-07-22,Bulawayo,150,130,3,Afghanistan,Afghanistan,5.2,Zimbabwe,Afghanistan,Afghanistan,-2998687221.02
2014-07-22,Bulawayo,151,131,3,Afghanistan,Afghanistan,5.2052980132450335,Zimbabwe,Afghanistan,Afghanistan,-2998687221.02
2014-07-22,Bulawayo,152,131,3,Afghanistan,Afghanistan,5.171052631578948,Zimbabwe,Afghanistan,Afghanistan,-2998687221.02
2014-07-22,Bulawayo,153,131,3,Afghanistan,Afghanistan,5.137254901960785,Zimbabwe,Afghanistan,Afghanistan,-2998687221.02
2014-07-22,Bulawayo,154,131,3,Afghanistan,Afghanistan,5.103896103896104,Zimbabwe,Afghanistan,Afghanistan,-2998687221.02
2014-07-22,Bulawayo,155,131,3,Afghanistan,Afghanistan,5.070967741935484,Zimbabwe,Afghanistan,Afghanistan,-2998687221.02
2014-07-22,Bulawayo,156,132,3,Afghanistan,Afghanistan,5.076923076923077,Zimbabwe,Afghanistan,Afghanistan,-2998687221.02
2014-07-22,Bulawayo,157,134,3,Afghanistan,Afghanistan,5.1210191082802545,Zimbabwe,Afghanistan,Afghanistan,-2998687221.02
2014-07-22,Bulawayo,158,134,3,Afghanistan,Afghanistan,5.0886075949367084,Zimbabwe,Afghanistan,Afghanistan,-2998687221.02
2014-07-22,Bulawayo,159,135,3,Afghanistan,Afghanistan,5.09433962264151,Zimbabwe,Afghanistan,Afghanistan,-2998687221.02
2014-07-22,Bulawayo,160,135,3,Afghanistan,Afghanistan,5.0625,Zimbabwe,Afghanistan,Afghanistan,-2998687221.02
2014-07-22,Bulawayo,161,136,3,Afghanistan,Afghanistan,5.068322981366459,Zimbabwe,Afghanistan,Afghanistan,-2998687221.02
2014-07-22,Bulawayo,162,137,3,Afghanistan,Afghanistan,5.074074074074074,Zimbabwe,Afghanistan,Afghanistan,-2998687221.02
2014-07-22,Bulawayo,163,137,3,Afghanistan,Afghanistan,5.042944785276074,Zimbabwe,Afghanistan,Afghanistan,-2998687221.02
2014-07-22,Bulawayo,164,137,3,Afghanistan,Afghanistan,5.012195121951219,Zimbabwe,Afghanistan,Afghanistan,-2998687221.02
2014-07-22,Bulawayo,165,137,3,Afghanistan,Afghanistan,4.9818181818181815,Zimbabwe,Afghanistan,Afghanistan,-2998687221.02
2014-07-22,Bulawayo,166,138,3,Afghanistan,Afghanistan,4.9879518072289155,Zimbabwe,Afghanistan,Afghanistan,-2998687221.02
2014-07-22,Bulawayo,167,139,3,Afghanistan,Afghanistan,4.994011976047904,Zimbabwe,Afghanistan,Afghanistan,-2998687221.02
2014-07-22,Bulawayo,168,139,3,Afghanistan,Afghanistan,4.964285714285714,Zimbabwe,Afghanistan,Afghanistan,-2998687221.02
2014-07-22,Bulawayo,169,139,3,Afghanistan,Afghanistan,4.93491124260355,Zimbabwe,Afghanistan,Afghanistan,-2998687221.02
2014-07-22,Bulawayo,170,139,3,Afghanistan,Afghanistan,4.905882352941177,Zimbabwe,Afghanistan,Afghanistan,-2998687221.02
2014-07-22,Bulawayo,171,139,3,Afghanistan,Afghanistan,4.87719298245614,Zimbabwe,Afghanistan,Afghanistan,-2998687221.02
2014-07-22,Bulawayo,172,139,3,Afghanistan,Afghanistan,4.848837209302325,Zimbabwe,Afghanistan,Afghanistan,-2998687221.02
2014-07-22,Bulawayo,173,140,3,Afghanistan,Afghanistan,4.855491329479769,Zimbabwe,Afghanistan,Afghanistan,-2998687221.02
2014-07-22,Bulawayo,174,141,3,Afghanistan,Afghanistan,4.862068965517241,Zimbabwe,Afghanistan,Afghanistan,-2998687221.02
2014-07-22,Bulawayo,175,141,3,Afghanistan,Afghanistan,4.8342857142857145,Zimbabwe,Afghanistan,Afghanistan,-2998687221.02
2014-07-22,Bulawayo,176,141,3,Afghanistan,Afghanistan,4.806818181818182,Zimbabwe,Afghanistan,Afghanistan,-2998687221.02
2014-07-22,Bulawayo,177,143,3,Afghanistan,Afghanistan,4.8474576271186445,Zimbabwe,Afghanistan,Afghanistan,-2998687221.02
2014-07-22,Bulawayo,178,147,3,Afghanistan,Afghanistan,4.955056179775281,Zimbabwe,Afghanistan,Afghanistan,-2998687221.02
2014-07-22,Bulawayo,179,149,3,Afghanistan,Afghanistan,4.994413407821229,Zimbabwe,Afghanistan,Afghanistan,-2998687221.02
2014-07-22,Bulawayo,180,149,3,Afghanistan,Afghanistan,4.966666666666667,Zimbabwe,Afghanistan,Afghanistan,-2998687221.02
2014-07-22,Bulawayo,181,151,3,Afghanistan,Afghanistan,5.005524861878453,Zimbabwe,Afghanistan,Afghanistan,-2998687221.02
2014-07-22,Bulawayo,182,152,3,Afghanistan,Afghanistan,5.010989010989011,Zimbabwe,Afghanistan,Afghanistan,-2998687221.02
2014-07-22,Bulawayo,183,153,3,Afghanistan,Afghanistan,5.016393442622951,Zimbabwe,Afghanistan,Afghanistan,-2998687221.02
2014-07-22,Bulawayo,184,153,3,Afghanistan,Afghanistan,4.989130434782608,Zimbabwe,Afghanistan,Afghanistan,-2998687221.02
2014-07-22,Bulawayo,185,154,3,Afghanistan,Afghanistan,4.994594594594594,Zimbabwe,Afghanistan,Afghanistan,-2998687221.02
2014-07-22,Bulawayo,186,155,3,Afghanistan,Afghanistan,5.0,Zimbabwe,Afghanistan,Afghanistan,-2998687221.02
2014-07-22,Bulawayo,187,155,3,Afghanistan,Afghanistan,4.973262032085562,Zimbabwe,Afghanistan,Afghanistan,-2998687221.02
2014-07-22,Bulawayo,188,156,3,Afghanistan,Afghanistan,4.9787234042553195,Zimbabwe,Afghanistan,Afghanistan,-2998687221.02
2014-07-22,Bulawayo,189,156,3,Afghanistan,Afghanistan,4.9523809523809526,Zimbabwe,Afghanistan,Afghanistan,-2998687221.02
2014-07-22,Bulawayo,190,156,3,Afghanistan,Afghanistan,4.926315789473684,Zimbabwe,Afghanistan,Afghanistan,-2998687221.02
2014-07-22,Bulawayo,191,157,3,Afghanistan,Afghanistan,4.9319371727748695,Zimbabwe,Afghanistan,Afghanistan,-2998687221.02
2014-07-22,Bulawayo,192,158,3,Afghanistan,Afghanistan,4.9375,Zimbabwe,Afghanistan,Afghanistan,-2998687221.02
2014-07-22,Bulawayo,193,158,3,Afghanistan,Afghanistan,4.9119170984455955,Zimbabwe,Afghanistan,Afghanistan,-2998687221.02
2014-07-22,Bulawayo,194,158,3,Afghanistan,Afghanistan,4.88659793814433,Zimbabwe,Afghanistan,Afghanistan,-2998687221.02
2014-07-22,Bulawayo,195,158,3,Afghanistan,Afghanistan,4.861538461538461,Zimbabwe,Afghanistan,Afghanistan,-2998687221.02
2014-07-22,Bulawayo,196,159,3,Afghanistan,Afghanistan,4.86734693877551,Zimbabwe,Afghanistan,Afghanistan,-2998687221.02
2014-07-22,Bulawayo,197,160,3,Afghanistan,Afghanistan,4.873096446700508,Zimbabwe,Afghanistan,Afghanistan,-2998687221.02
2014-07-22,Bulawayo,198,160,3,Afghanistan,Afghanistan,4.848484848484849,Zimbabwe,Afghanistan,Afghanistan,-2998687221.02
2014-07-22,Bulawayo,199,160,3,Afghanistan,Afghanistan,4.824120603015075,Zimbabwe,Afghanistan,Afghanistan,-2998687221.02
2014-07-22,Bulawayo,200,161,3,Afghanistan,Afghanistan,4.83,Zimbabwe,Afghanistan,Afghanistan,-2998687221.02
2014-07-22,Bulawayo,201,161,3,Afghanistan,Afghanistan,4.8059701492537314,Zimbabwe,Afghanistan,Afghanistan,-2998687221.02
2014-07-22,Bulawayo,202,164,3,Afghanistan,Afghanistan,4.871287128712871,Zimbabwe,Afghanistan,Afghanistan,-2998687221.02
2014-07-22,Bulawayo,203,166,3,Afghanistan,Afghanistan,4.906403940886699,Zimbabwe,Afghanistan,Afghanistan,-2998687221.02
2014-07-22,Bulawayo,204,166,3,Afghanistan,Afghanistan,4.882352941176471,Zimbabwe,Afghanistan,Afghanistan,-2998687221.02
2014-07-22,Bulawayo,205,166,4,Afghanistan,Afghanistan,4.8585365853658535,Zimbabwe,Afghanistan,Afghanistan,-2998687221.02
2014-07-22,Bulawayo,206,168,4,Afghanistan,Afghanistan,4.893203883495145,Zimbabwe,Afghanistan,Afghanistan,-2998687221.02
2014-07-22,Bulawayo,207,169,4,Afghanistan,Afghanistan,4.898550724637682,Zimbabwe,Afghanistan,Afghanistan,-2998687221.02
2014-07-22,Bulawayo,208,169,4,Afghanistan,Afghanistan,4.875,Zimbabwe,Afghanistan,Afghanistan,-2998687221.02
2014-07-22,Bulawayo,209,170,4,Afghanistan,Afghanistan,4.880382775119617,Zimbabwe,Afghanistan,Afghanistan,-2998687221.02
2014-07-22,Bulawayo,210,170,4,Afghanistan,Afghanistan,4.857142857142857,Zimbabwe,Afghanistan,Afghanistan,-2998687221.02
2014-07-22,Bulawayo,211,171,4,Afghanistan,Afghanistan,4.862559241706161,Zimbabwe,Afghanistan,Afghanistan,-2998687221.02
2014-07-22,Bulawayo,212,172,4,Afghanistan,Afghanistan,4.867924528301887,Zimbabwe,Afghanistan,Afghanistan,-2998687221.02
2014-07-22,Bulawayo,213,172,4,Afghanistan,Afghanistan,4.845070422535211,Zimbabwe,Afghanistan,Afghanistan,-2998687221.02
2014-07-22,Bulawayo,214,173,4,Afghanistan,Afghanistan,4.850467289719626,Zimbabwe,Afghanistan,Afghanistan,-2998687221.02
2014-07-22,Bulawayo,215,173,4,Afghanistan,Afghanistan,4.8279069767441865,Zimbabwe,Afghanistan,Afghanistan,-2998687221.02
2014-07-22,Bulawayo,216,173,4,Afghanistan,Afghanistan,4.805555555555555,Zimbabwe,Afghanistan,Afghanistan,-2998687221.02
2014-07-22,Bulawayo,217,174,4,Afghanistan,Afghanistan,4.811059907834101,Zimbabwe,Afghanistan,Afghanistan,-2998687221.02
2014-07-22,Bulawayo,218,175,4,Afghanistan,Afghanistan,4.81651376146789,Zimbabwe,Afghanistan,Afghanistan,-2998687221.02
2014-07-22,Bulawayo,219,176,4,Afghanistan,Afghanistan,4.821917808219178,Zimbabwe,Afghanistan,Afghanistan,-2998687221.02
2014-07-22,Bulawayo,220,176,4,Afghanistan,Afghanistan,4.8,Zimbabwe,Afghanistan,Afghanistan,-2998687221.02
2014-07-22,Bulawayo,221,176,4,Afghanistan,Afghanistan,4.778280542986425,Zimbabwe,Afghanistan,Afghanistan,-2998687221.02
2014-07-22,Bulawayo,222,176,4,Afghanistan,Afghanistan,4.756756756756757,Zimbabwe,Afghanistan,Afghanistan,-2998687221.02
2014-07-22,Bulawayo,223,176,4,Afghanistan,Afghanistan,4.73542600896861,Zimbabwe,Afghanistan,Afghanistan,-2998687221.02
2014-07-22,Bulawayo,224,177,4,Afghanistan,Afghanistan,4.741071428571429,Zimbabwe,Afghanistan,Afghanistan,-2998687221.02
2014-07-22,Bulawayo,225,177,4,Afghanistan,Afghanistan,4.72,Zimbabwe,Afghanistan,Afghanistan,-2998687221.02
2014-07-22,Bulawayo,226,179,4,Afghanistan,Afghanistan,4.752212389380531,Zimbabwe,Afghanistan,Afghanistan,-2998687221.02
2014-07-22,Bulawayo,227,180,4,Afghanistan,Afghanistan,4.757709251101321,Zimbabwe,Afghanistan,Afghanistan,-2998687221.02
2014-07-22,Bulawayo,228,180,4,Afghanistan,Afghanistan,4.7368421052631575,Zimbabwe,Afghanistan,Afghanistan,-2998687221.02
2014-07-22,Bulawayo,229,180,4,Afghanistan,Afghanistan,4.716157205240175,Zimbabwe,Afghanistan,Afghanistan,-2998687221.02
2014-07-22,Bulawayo,230,180,4,Afghanistan,Afghanistan,4.695652173913044,Zimbabwe,Afghanistan,Afghanistan,-2998687221.02
2014-07-22,Bulawayo,231,180,4,Afghanistan,Afghanistan,4.675324675324675,Zimbabwe,Afghanistan,Afghanistan,-2998687221.02
2014-07-22,Bulawayo,232,181,4,Afghanistan,Afghanistan,4.681034482758621,Zimbabwe,Afghanistan,Afghanistan,-2998687221.02
2014-07-22,Bulawayo,233,182,4,Afghanistan,Afghanistan,4.686695278969957,Zimbabwe,Afghanistan,Afghanistan,-2998687221.02
2014-07-22,Bulawayo,234,183,4,Afghanistan,Afghanistan,4.6923076923076925,Zimbabwe,Afghanistan,Afghanistan,-2998687221.02
2014-07-22,Bulawayo,235,186,4,Afghanistan,Afghanistan,4.748936170212766,Zimbabwe,Afghanistan,Afghanistan,-2998687221.02
2014-07-22,Bulawayo,236,186,4,Afghanistan,Afghanistan,4.728813559322034,Zimbabwe,Afghanistan,Afghanistan,-2998687221.02
2014-07-22,Bulawayo,237,186,4,Afghanistan,Afghanistan,4.708860759493671,Zimbabwe,Afghanistan,Afghanistan,-2998687221.02
2014-07-22,Bulawayo,238,186,4,Afghanistan,Afghanistan,4.689075630252101,Zimbabwe,Afghanistan,Afghanistan,-2998687221.02
2014-07-22,Bulawayo,239,188,4,Afghanistan,Afghanistan,4.7196652719665275,Zimbabwe,Afghanistan,Afghanistan,-2998687221.02
2014-07-22,Bulawayo,240,188,4,Afghanistan,Afghanistan,4.7,Zimbabwe,Afghanistan,Afghanistan,-2998687221.02
2014-07-22,Bulawayo,241,189,4,Afghanistan,Afghanistan,4.7053941908713695,Zimbabwe,Afghanistan,Afghanistan,-2998687221.02
2014-07-22,Bulawayo,242,189,5,Afghanistan,Afghanistan,4.68595041322314,Zimbabwe,Afghanistan,Afghanistan,-2998687221.02
2014-07-22,Bulawayo,243,189,5,Afghanistan,Afghanistan,4.666666666666667,Zimbabwe,Afghanistan,Afghanistan,-2998687221.02
2014-07-22,Bulawayo,244,189,5,Afghanistan,Afghanistan,4.647540983606557,Zimbabwe,Afghanistan,Afghanistan,-2998687221.02
2014-07-22,Bulawayo,245,189,5,Afghanistan,Afghanistan,4.628571428571429,Zimbabwe,Afghanistan,Afghanistan,-2998687221.02
2014-07-22,Bulawayo,246,189,5,Afghanistan,Afghanistan,4.609756097560975,Zimbabwe,Afghanistan,Afghanistan,-2998687221.02
2014-07-22,Bulawayo,247,190,5,Afghanistan,Afghanistan,4.615384615384615,Zimbabwe,Afghanistan,Afghanistan,-2998687221.02
2014-07-22,Bulawayo,248,190,5,Afghanistan,Afghanistan,4.596774193548387,Zimbabwe,Afghanistan,Afghanistan,-2998687221.02
2014-07-22,Bulawayo,249,190,5,Afghanistan,Afghanistan,4.578313253012048,Zimbabwe,Afghanistan,Afghanistan,-2998687221.02
2014-07-22,Bulawayo,250,191,5,Afghanistan,Afghanistan,4.584,Zimbabwe,Afghanistan,Afghanistan,-2998687221.02
2014-07-22,Bulawayo,251,191,5,Afghanistan,Afghanistan,4.565737051792829,Zimbabwe,Afghanistan,Afghanistan,-2998687221.02
2014-07-22,Bulawayo,252,192,5,Afghanistan,Afghanistan,4.571428571428571,Zimbabwe,Afghanistan,Afghanistan,-2998687221.02
2014-07-22,Bulawayo,253,192,5,Afghanistan,Afghanistan,4.553359683794467,Zimbabwe,Afghanistan,Afghanistan,-2998687221.02
2014-07-22,Bulawayo,254,193,5,Afghanistan,Afghanistan,4.559055118110236,Zimbabwe,Afghanistan,Afghanistan,-2998687221.02
2014-07-22,Bulawayo,255,194,5,Afghanistan,Afghanistan,4.564705882352941,Zimbabwe,Afghanistan,Afghanistan,-2998687221.02
2014-07-22,Bulawayo,256,195,5,Afghanistan,Afghanistan,4.5703125,Zimbabwe,Afghanistan,Afghanistan,-2998687221.02
2014-07-22,Bulawayo,257,196,5,Afghanistan,Afghanistan,4.575875486381323,Zimbabwe,Afghanistan,Afghanistan,-2998687221.02
2014-07-22,Bulawayo,258,196,5,Afghanistan,Afghanistan,4.558139534883721,Zimbabwe,Afghanistan,Afghanistan,-2998687221.02
2014-07-22,Bulawayo,259,196,6,Afghanistan,Afghanistan,4.54054054054054,Zimbabwe,Afghanistan,Afghanistan,-2998687221.02
2014-07-22,Bulawayo,260,196,6,Afghanistan,Afghanistan,4.523076923076923,Zimbabwe,Afghanistan,Afghanistan,-2998687221.02
2014-07-22,Bulawayo,261,196,6,Afghanistan,Afghanistan,4.505747126436781,Zimbabwe,Afghanistan,Afghanistan,-2998687221.02
2014-07-22,Bulawayo,262,196,6,Afghanistan,Afghanistan,4.488549618320611,Zimbabwe,Afghanistan,Afghanistan,-2998687221.02
2014-07-22,Bulawayo,263,196,6,Afghanistan,Afghanistan,4.47148288973384,Zimbabwe,Afghanistan,Afghanistan,-2998687221.02
2014-07-22,Bulawayo,264,196,6,Afghanistan,Afghanistan,4.454545454545454,Zimbabwe,Afghanistan,Afghanistan,-2998687221.02
2014-07-22,Bulawayo,265,196,6,Afghanistan,Afghanistan,4.437735849056604,Zimbabwe,Afghanistan,Afghanistan,-2998687221.02
2014-07-22,Bulawayo,266,198,6,Afghanistan,Afghanistan,4.466165413533835,Zimbabwe,Afghanistan,Afghanistan,-2998687221.02
2014-07-22,Bulawayo,267,198,6,Afghanistan,Afghanistan,4.449438202247191,Zimbabwe,Afghanistan,Afghanistan,-2998687221.02
2014-07-22,Bulawayo,268,200,6,Afghanistan,Afghanistan,4.477611940298507,Zimbabwe,Afghanistan,Afghanistan,-2998687221.02
2014-07-22,Bulawayo,269,200,6,Afghanistan,Afghanistan,4.4609665427509295,Zimbabwe,Afghanistan,Afghanistan,-2998687221.02
2014-07-22,Bulawayo,270,201,6,Afghanistan,Afghanistan,4.466666666666667,Zimbabwe,Afghanistan,Afghanistan,-2998687221.02
2014-07-22,Bulawayo,271,202,6,Afghanistan,Afghanistan,4.472324723247232,Zimbabwe,Afghanistan,Afghanistan,-2998687221.02
2014-07-22,Bulawayo,272,208,6,Afghanistan,Afghanistan,4.588235294117647,Zimbabwe,Afghanistan,Afghanistan,-2998687221.02
2014-07-22,Bulawayo,273,211,6,Afghanistan,Afghanistan,4.637362637362638,Zimbabwe,Afghanistan,Afghanistan,-2998687221.02
2014-07-22,Bulawayo,274,215,6,Afghanistan,Afghanistan,4.708029197080292,Zimbabwe,Afghanistan,Afghanistan,-2998687221.02
2014-07-22,Bulawayo,275,215,6,Afghanistan,Afghanistan,4.6909090909090905,Zimbabwe,Afghanistan,Afghanistan,-2998687221.02
2014-07-22,Bulawayo,276,216,6,Afghanistan,Afghanistan,4.695652173913044,Zimbabwe,Afghanistan,Afghanistan,-2998687221.02
2014-07-22,Bulawayo,277,222,6,Afghanistan,Afghanistan,4.808664259927798,Zimbabwe,Afghanistan,Afghanistan,-2998687221.02
2014-07-22,Bulawayo,278,228,6,Afghanistan,Afghanistan,4.920863309352518,Zimbabwe,Afghanistan,Afghanistan,-2998687221.02
2014-07-22,Bulawayo,279,229,7,Afghanistan,Afghanistan,4.924731182795699,Zimbabwe,Afghanistan,Afghanistan,-2998687221.02
2014-07-22,Bulawayo,280,229,7,Afghanistan,Afghanistan,4.9071428571428575,Zimbabwe,Afghanistan,Afghanistan,-2998687221.02
2014-07-22,Bulawayo,281,235,7,Afghanistan,Afghanistan,5.01779359430605,Zimbabwe,Afghanistan,Afghanistan,-2998687221.02
2014-07-22,Bulawayo,282,241,7,Afghanistan,Afghanistan,5.127659574468085,Zimbabwe,Afghanistan,Afghanistan,-2998687221.02
2014-07-22,Bulawayo,283,241,7,Afghanistan,Afghanistan,5.109540636042403,Zimbabwe,Afghanistan,Afghanistan,-2998687221.02
2014-07-22,Bulawayo,284,243,7,Afghanistan,Afghanistan,5.133802816901408,Zimbabwe,Afghanistan,Afghanistan,-2998687221.02
2014-07-22,Bulawayo,285,245,7,Afghanistan,Afghanistan,5.157894736842105,Zimbabwe,Afghanistan,Afghanistan,-2998687221.02
2014-07-22,Bulawayo,286,246,7,Afghanistan,Afghanistan,5.160839160839161,Zimbabwe,Afghanistan,Afghanistan,-2998687221.02
2014-07-22,Bulawayo,287,246,8,Afghanistan,Afghanistan,5.142857142857143,Zimbabwe,Afghanistan,Afghanistan,-2998687221.02
2014-07-22,Bulawayo,288,247,8,Afghanistan,Afghanistan,5.145833333333333,Zimbabwe,Afghanistan,Afghanistan,-2998687221.02
2014-07-22,Bulawayo,289,247,8,Afghanistan,Afghanistan,5.1280276816609,Zimbabwe,Afghanistan,Afghanistan,-2998687221.02
2014-07-22,Bulawayo,290,248,8,Afghanistan,Afghanistan,5.13103448275862,Zimbabwe,Afghanistan,Afghanistan,-2998687221.02
2014-07-22,Bulawayo,291,248,8,Afghanistan,Afghanistan,5.11340206185567,Zimbabwe,Afghanistan,Afghanistan,-2998687221.02
2014-07-22,Bulawayo,292,248,8,Afghanistan,Afghanistan,5.095890410958904,Zimbabwe,Afghanistan,Afghanistan,-2998687221.02
2014-07-22,Bulawayo,293,248,8,Afghanistan,Afghanistan,5.078498293515358,Zimbabwe,Afghanistan,Afghanistan,-2998687221.02
2014-07-22,Bulawayo,294,249,8,Afghanistan,Afghanistan,5.081632653061225,Zimbabwe,Afghanistan,Afghanistan,-2998687221.02
2014-07-22,Bulawayo,294,255,8,Afghanistan,Afghanistan,5.204081632653061,Zimbabwe,Afghanistan,Afghanistan,-2998687221.02
2014-07-22,Bulawayo,295,257,8,Afghanistan,Afghanistan,5.227118644067796,Zimbabwe,Afghanistan,Afghanistan,-2998687221.02
2014-07-22,Bulawayo,296,258,8,Afghanistan,Afghanistan,5.22972972972973,Zimbabwe,Afghanistan,Afghanistan,-2998687221.02
2014-07-22,Bulawayo,297,258,8,Afghanistan,Afghanistan,5.212121212121212,Zimbabwe,Afghanistan,Afghanistan,-2998687221.02
2014-07-22,Bulawayo,298,264,8,Afghanistan,Afghanistan,5.315436241610739,Zimbabwe,Afghanistan,Afghanistan,-2998687221.02
