Date,Venue,Balls,Runs,Wickets,Toss,Team_Playing,RPO,Team1,Team2,Team_Won,form_difference,wrl
2008-06-25,Lahore,1,0,0,Bangladesh,Sri Lanka,0.0,Sri Lanka,Bangladesh,Sri Lanka,-2386655159.21,0.0
2008-06-25,Lahore,2,0,0,Bangladesh,Sri Lanka,0.0,Sri Lanka,Bangladesh,Sri Lanka,-2386655159.21,0.0
2008-06-25,Lahore,3,0,0,Bangladesh,Sri Lanka,0.0,Sri Lanka,Bangladesh,Sri Lanka,-2386655159.21,0.0
2008-06-25,Lahore,4,0,0,Bangladesh,Sri Lanka,0.0,Sri Lanka,Bangladesh,Sri Lanka,-2386655159.21,0.0
2008-06-25,Lahore,5,0,0,Bangladesh,Sri Lanka,0.0,Sri Lanka,Bangladesh,Sri Lanka,-2386655159.21,0.0
2008-06-25,Lahore,6,4,0,Bangladesh,Sri Lanka,4.0,Sri Lanka,Bangladesh,Sri Lanka,-2386655159.21,0.0
2008-06-25,Lahore,7,4,0,Bangladesh,Sri Lanka,3.4285714285714284,Sri Lanka,Bangladesh,Sri Lanka,-2386655159.21,0.0
2008-06-25,Lahore,8,8,0,Bangladesh,Sri Lanka,6.0,Sri Lanka,Bangladesh,Sri Lanka,-2386655159.21,0.0
2008-06-25,Lahore,9,9,0,Bangladesh,Sri Lanka,6.0,Sri Lanka,Bangladesh,Sri Lanka,-2386655159.21,0.0
2008-06-25,Lahore,10,10,0,Bangladesh,Sri Lanka,6.0,Sri Lanka,Bangladesh,Sri Lanka,-2386655159.21,0.0
2008-06-25,Lahore,11,11,0,Bangladesh,Sri Lanka,6.0,Sri Lanka,Bangladesh,Sri Lanka,-2386655159.21,0.0
2008-06-25,Lahore,12,11,0,Bangladesh,Sri Lanka,5.5,Sri Lanka,Bangladesh,Sri Lanka,-2386655159.21,0.0
2008-06-25,Lahore,12,11,0,Bangladesh,Sri Lanka,5.5,Sri Lanka,Bangladesh,Sri Lanka,-2386655159.21,0.0
2008-06-25,Lahore,13,12,0,Bangladesh,Sri Lanka,5.538461538461538,Sri Lanka,Bangladesh,Sri Lanka,-2386655159.21,0.0
2008-06-25,Lahore,14,14,0,Bangladesh,Sri Lanka,6.0,Sri Lanka,Bangladesh,Sri Lanka,-2386655159.21,0.0
2008-06-25,Lahore,15,15,0,Bangladesh,Sri Lanka,6.0,Sri Lanka,Bangladesh,Sri Lanka,-2386655159.21,0.0
2008-06-25,Lahore,16,15,0,Bangladesh,Sri Lanka,5.625,Sri Lanka,Bangladesh,Sri Lanka,-2386655159.21,0.0
2008-06-25,Lahore,17,15,0,Bangladesh,Sri Lanka,5.294117647058823,Sri Lanka,Bangladesh,Sri Lanka,-2386655159.21,0.0
2008-06-25,Lahore,18,16,0,Bangladesh,Sri Lanka,5.333333333333333,Sri Lanka,Bangladesh,Sri Lanka,-2386655159.21,0.0
2008-06-25,Lahore,18,16,0,Bangladesh,Sri Lanka,5.333333333333333,Sri Lanka,Bangladesh,Sri Lanka,-2386655159.21,0.0
2008-06-25,Lahore,19,16,0,Bangladesh,Sri Lanka,5.052631578947368,Sri Lanka,Bangladesh,Sri Lanka,-2386655159.21,0.0
2008-06-25,Lahore,20,16,0,Bangladesh,Sri Lanka,4.8,Sri Lanka,Bangladesh,Sri Lanka,-2386655159.21,0.0
2008-06-25,Lahore,21,16,0,Bangladesh,Sri Lanka,4.571428571428571,Sri Lanka,Bangladesh,Sri Lanka,-2386655159.21,0.0
2008-06-25,Lahore,22,19,0,Bangladesh,Sri Lanka,5.181818181818182,Sri Lanka,Bangladesh,Sri Lanka,-2386655159.21,0.0
2008-06-25,Lahore,23,20,0,Bangladesh,Sri Lanka,5.217391304347826,Sri Lanka,Bangladesh,Sri Lanka,-2386655159.21,0.0
2008-06-25,Lahore,24,24,0,Bangladesh,Sri Lanka,6.0,Sri Lanka,Bangladesh,Sri Lanka,-2386655159.21,0.0
2008-06-25,Lahore,25,25,0,Bangladesh,Sri Lanka,6.0,Sri Lanka,Bangladesh,Sri Lanka,-2386655159.21,0.0
2008-06-25,Lahore,26,29,0,Bangladesh,Sri Lanka,6.6923076923076925,Sri Lanka,Bangladesh,Sri Lanka,-2386655159.21,0.0
2008-06-25,Lahore,27,29,0,Bangladesh,Sri Lanka,6.444444444444445,Sri Lanka,Bangladesh,Sri Lanka,-2386655159.21,0.0
2008-06-25,Lahore,28,29,0,Bangladesh,Sri Lanka,6.214285714285714,Sri Lanka,Bangladesh,Sri Lanka,-2386655159.21,0.0
2008-06-25,Lahore,29,29,0,Bangladesh,Sri Lanka,6.0,Sri Lanka,Bangladesh,Sri Lanka,-2386655159.21,0.0
2008-06-25,Lahore,30,31,0,Bangladesh,Sri Lanka,6.2,Sri Lanka,Bangladesh,Sri Lanka,-2386655159.21,0.0
2008-06-25,Lahore,31,31,0,Bangladesh,Sri Lanka,6.0,Sri Lanka,Bangladesh,Sri Lanka,-2386655159.21,0.0
2008-06-25,Lahore,32,35,0,Bangladesh,Sri Lanka,6.5625,Sri Lanka,Bangladesh,Sri Lanka,-2386655159.21,0.0
2008-06-25,Lahore,33,39,0,Bangladesh,Sri Lanka,7.090909090909091,Sri Lanka,Bangladesh,Sri Lanka,-2386655159.21,0.0
2008-06-25,Lahore,34,39,0,Bangladesh,Sri Lanka,6.882352941176471,Sri Lanka,Bangladesh,Sri Lanka,-2386655159.21,0.0
2008-06-25,Lahore,35,43,0,Bangladesh,Sri Lanka,7.371428571428571,Sri Lanka,Bangladesh,Sri Lanka,-2386655159.21,0.0
2008-06-25,Lahore,36,43,0,Bangladesh,Sri Lanka,7.166666666666667,Sri Lanka,Bangladesh,Sri Lanka,-2386655159.21,0.0
2008-06-25,Lahore,37,44,0,Bangladesh,Sri Lanka,7.135135135135135,Sri Lanka,Bangladesh,Sri Lanka,-2386655159.21,0.0
2008-06-25,Lahore,38,44,0,Bangladesh,Sri Lanka,6.947368421052632,Sri Lanka,Bangladesh,Sri Lanka,-2386655159.21,0.0
2008-06-25,Lahore,39,44,0,Bangladesh,Sri Lanka,6.769230769230769,Sri Lanka,Bangladesh,Sri Lanka,-2386655159.21,0.0
2008-06-25,Lahore,40,44,0,Bangladesh,Sri Lanka,6.6,Sri Lanka,Bangladesh,Sri Lanka,-2386655159.21,0.0
2008-06-25,Lahore,41,44,0,Bangladesh,Sri Lanka,6.439024390243903,Sri Lanka,Bangladesh,Sri Lanka,-2386655159.21,0.0
2008-06-25,Lahore,42,48,0,Bangladesh,Sri Lanka,6.857142857142857,Sri Lanka,Bangladesh,Sri Lanka,-2386655159.21,0.0
2008-06-25,Lahore,42,48,0,Bangladesh,Sri Lanka,6.857142857142857,Sri Lanka,Bangladesh,Sri Lanka,-2386655159.21,0.0
2008-06-25,Lahore,43,49,0,Bangladesh,Sri Lanka,6.837209302325581,Sri Lanka,Bangladesh,Sri Lanka,-2386655159.21,0.0
2008-06-25,Lahore,44,49,0,Bangladesh,Sri Lanka,6.681818181818182,Sri Lanka,Bangladesh,Sri Lanka,-2386655159.21,0.0
2008-06-25,Lahore,45,49,0,Bangladesh,Sri Lanka,6.533333333333333,Sri Lanka,Bangladesh,Sri Lanka,-2386655159.21,0.0
2008-06-25,Lahore,46,55,0,Bangladesh,Sri Lanka,7.173913043478261,Sri Lanka,Bangladesh,Sri Lanka,-2386655159.21,0.0
2008-06-25,Lahore,47,55,0,Bangladesh,Sri Lanka,7.0212765957446805,Sri Lanka,Bangladesh,Sri Lanka,-2386655159.21,0.0
2008-06-25,Lahore,48,59,0,Bangladesh,Sri Lanka,7.375,Sri Lanka,Bangladesh,Sri Lanka,-2386655159.21,0.0
2008-06-25,Lahore,48,59,0,Bangladesh,Sri Lanka,7.375,Sri Lanka,Bangladesh,Sri Lanka,-2386655159.21,0.0
2008-06-25,Lahore,49,60,0,Bangladesh,Sri Lanka,7.346938775510204,Sri Lanka,Bangladesh,Sri Lanka,-2386655159.21,0.0
2008-06-25,Lahore,50,60,0,Bangladesh,Sri Lanka,7.2,Sri Lanka,Bangladesh,Sri Lanka,-2386655159.21,0.0
2008-06-25,Lahore,51,62,0,Bangladesh,Sri Lanka,7.294117647058823,Sri Lanka,Bangladesh,Sri Lanka,-2386655159.21,0.0
2008-06-25,Lahore,52,63,0,Bangladesh,Sri Lanka,7.269230769230769,Sri Lanka,Bangladesh,Sri Lanka,-2386655159.21,0.0
2008-06-25,Lahore,53,63,0,Bangladesh,Sri Lanka,7.132075471698113,Sri Lanka,Bangladesh,Sri Lanka,-2386655159.21,0.0
2008-06-25,Lahore,54,63,0,Bangladesh,Sri Lanka,7.0,Sri Lanka,Bangladesh,Sri Lanka,-2386655159.21,0.0
2008-06-25,Lahore,55,67,0,Bangladesh,Sri Lanka,7.3090909090909095,Sri Lanka,Bangladesh,Sri Lanka,-2386655159.21,0.0
2008-06-25,Lahore,56,71,0,Bangladesh,Sri Lanka,7.607142857142857,Sri Lanka,Bangladesh,Sri Lanka,-2386655159.21,0.0
2008-06-25,Lahore,57,72,0,Bangladesh,Sri Lanka,7.578947368421052,Sri Lanka,Bangladesh,Sri Lanka,-2386655159.21,0.0
2008-06-25,Lahore,58,74,0,Bangladesh,Sri Lanka,7.655172413793103,Sri Lanka,Bangladesh,Sri Lanka,-2386655159.21,0.0
2008-06-25,Lahore,59,78,0,Bangladesh,Sri Lanka,7.932203389830509,Sri Lanka,Bangladesh,Sri Lanka,-2386655159.21,0.0
2008-06-25,Lahore,60,79,0,Bangladesh,Sri Lanka,7.9,Sri Lanka,Bangladesh,Sri Lanka,-2386655159.21,0.0
2008-06-25,Lahore,60,80,0,Bangladesh,Sri Lanka,8.0,Sri Lanka,Bangladesh,Sri Lanka,-2386655159.21,0.0
2008-06-25,Lahore,61,80,0,Bangladesh,Sri Lanka,7.868852459016393,Sri Lanka,Bangladesh,Sri Lanka,-2386655159.21,0.0
2008-06-25,Lahore,62,80,0,Bangladesh,Sri Lanka,7.741935483870968,Sri Lanka,Bangladesh,Sri Lanka,-2386655159.21,0.0
2008-06-25,Lahore,63,80,0,Bangladesh,Sri Lanka,7.619047619047619,Sri Lanka,Bangladesh,Sri Lanka,-2386655159.21,0.0
2008-06-25,Lahore,64,81,0,Bangladesh,Sri Lanka,7.59375,Sri Lanka,Bangladesh,Sri Lanka,-2386655159.21,0.0
2008-06-25,Lahore,65,81,0,Bangladesh,Sri Lanka,7.476923076923077,Sri Lanka,Bangladesh,Sri Lanka,-2386655159.21,0.0
2008-06-25,Lahore,66,81,0,Bangladesh,Sri Lanka,7.363636363636363,Sri Lanka,Bangladesh,Sri Lanka,-2386655159.21,0.0
2008-06-25,Lahore,67,81,0,Bangladesh,Sri Lanka,7.253731343283582,Sri Lanka,Bangladesh,Sri Lanka,-2386655159.21,0.0
2008-06-25,Lahore,68,82,0,Bangladesh,Sri Lanka,7.235294117647059,Sri Lanka,Bangladesh,Sri Lanka,-2386655159.21,0.0
2008-06-25,Lahore,69,83,0,Bangladesh,Sri Lanka,7.217391304347826,Sri Lanka,Bangladesh,Sri Lanka,-2386655159.21,0.0
2008-06-25,Lahore,70,86,0,Bangladesh,Sri Lanka,7.371428571428571,Sri Lanka,Bangladesh,Sri Lanka,-2386655159.21,0.0
2008-06-25,Lahore,71,87,0,Bangladesh,Sri Lanka,7.352112676056338,Sri Lanka,Bangladesh,Sri Lanka,-2386655159.21,0.0
2008-06-25,Lahore,72,88,0,Bangladesh,Sri Lanka,7.333333333333333,Sri Lanka,Bangladesh,Sri Lanka,-2386655159.21,0.0
2008-06-25,Lahore,72,88,0,Bangladesh,Sri Lanka,7.333333333333333,Sri Lanka,Bangladesh,Sri Lanka,-2386655159.21,0.0
2008-06-25,Lahore,72,88,0,Bangladesh,Sri Lanka,7.333333333333333,Sri Lanka,Bangladesh,Sri Lanka,-2386655159.21,0.0
2008-06-25,Lahore,73,88,0,Bangladesh,Sri Lanka,7.232876712328767,Sri Lanka,Bangladesh,Sri Lanka,-2386655159.21,0.0
2008-06-25,Lahore,74,89,0,Bangladesh,Sri Lanka,7.216216216216216,Sri Lanka,Bangladesh,Sri Lanka,-2386655159.21,0.0
2008-06-25,Lahore,75,89,0,Bangladesh,Sri Lanka,7.12,Sri Lanka,Bangladesh,Sri Lanka,-2386655159.21,0.0
2008-06-25,Lahore,76,90,0,Bangladesh,Sri Lanka,7.105263157894737,Sri Lanka,Bangladesh,Sri Lanka,-2386655159.21,0.0
2008-06-25,Lahore,77,90,0,Bangladesh,Sri Lanka,7.012987012987013,Sri Lanka,Bangladesh,Sri Lanka,-2386655159.21,0.0
2008-06-25,Lahore,78,90,0,Bangladesh,Sri Lanka,6.923076923076923,Sri Lanka,Bangladesh,Sri Lanka,-2386655159.21,0.0
2008-06-25,Lahore,79,90,0,Bangladesh,Sri Lanka,6.8354430379746836,Sri Lanka,Bangladesh,Sri Lanka,-2386655159.21,0.0
2008-06-25,Lahore,80,90,0,Bangladesh,Sri Lanka,6.75,Sri Lanka,Bangladesh,Sri Lanka,-2386655159.21,0.0
2008-06-25,Lahore,81,94,0,Bangladesh,Sri Lanka,6.962962962962963,Sri Lanka,Bangladesh,Sri Lanka,-2386655159.21,0.0
2008-06-25,Lahore,82,95,0,Bangladesh,Sri Lanka,6.951219512195122,Sri Lanka,Bangladesh,Sri Lanka,-2386655159.21,0.0
2008-06-25,Lahore,83,96,0,Bangladesh,Sri Lanka,6.9397590361445785,Sri Lanka,Bangladesh,Sri Lanka,-2386655159.21,0.0
2008-06-25,Lahore,84,97,0,Bangladesh,Sri Lanka,6.928571428571429,Sri Lanka,Bangladesh,Sri Lanka,-2386655159.21,0.0
2008-06-25,Lahore,84,103,0,Bangladesh,Sri Lanka,7.357142857142857,Sri Lanka,Bangladesh,Sri Lanka,-2386655159.21,0.0
2008-06-25,Lahore,85,105,0,Bangladesh,Sri Lanka,7.411764705882353,Sri Lanka,Bangladesh,Sri Lanka,-2386655159.21,0.0
2008-06-25,Lahore,86,106,0,Bangladesh,Sri Lanka,7.395348837209302,Sri Lanka,Bangladesh,Sri Lanka,-2386655159.21,0.0
2008-06-25,Lahore,87,110,0,Bangladesh,Sri Lanka,7.586206896551724,Sri Lanka,Bangladesh,Sri Lanka,-2386655159.21,0.0
2008-06-25,Lahore,88,116,0,Bangladesh,Sri Lanka,7.909090909090909,Sri Lanka,Bangladesh,Sri Lanka,-2386655159.21,0.0
2008-06-25,Lahore,89,116,1,Bangladesh,Sri Lanka,7.820224719101123,Sri Lanka,Bangladesh,Sri Lanka,-2386655159.21,0.51
2008-06-25,Lahore,90,116,1,Bangladesh,Sri Lanka,7.733333333333333,Sri Lanka,Bangladesh,Sri Lanka,-2386655159.21,0.51
2008-06-25,Lahore,91,120,1,Bangladesh,Sri Lanka,7.912087912087912,Sri Lanka,Bangladesh,Sri Lanka,-2386655159.21,0.51
2008-06-25,Lahore,92,120,1,Bangladesh,Sri Lanka,7.826086956521739,Sri Lanka,Bangladesh,Sri Lanka,-2386655159.21,0.51
2008-06-25,Lahore,93,121,1,Bangladesh,Sri Lanka,7.806451612903226,Sri Lanka,Bangladesh,Sri Lanka,-2386655159.21,0.51
2008-06-25,Lahore,94,121,1,Bangladesh,Sri Lanka,7.723404255319149,Sri Lanka,Bangladesh,Sri Lanka,-2386655159.21,0.51
2008-06-25,Lahore,95,121,1,Bangladesh,Sri Lanka,7.6421052631578945,Sri Lanka,Bangladesh,Sri Lanka,-2386655159.21,0.51
2008-06-25,Lahore,96,122,1,Bangladesh,Sri Lanka,7.625,Sri Lanka,Bangladesh,Sri Lanka,-2386655159.21,0.51
2008-06-25,Lahore,96,122,1,Bangladesh,Sri Lanka,7.625,Sri Lanka,Bangladesh,Sri Lanka,-2386655159.21,0.51
2008-06-25,Lahore,97,126,1,Bangladesh,Sri Lanka,7.793814432989691,Sri Lanka,Bangladesh,Sri Lanka,-2386655159.21,0.51
2008-06-25,Lahore,98,126,1,Bangladesh,Sri Lanka,7.714285714285714,Sri Lanka,Bangladesh,Sri Lanka,-2386655159.21,0.51
2008-06-25,Lahore,99,126,1,Bangladesh,Sri Lanka,7.636363636363637,Sri Lanka,Bangladesh,Sri Lanka,-2386655159.21,0.51
2008-06-25,Lahore,100,126,1,Bangladesh,Sri Lanka,7.56,Sri Lanka,Bangladesh,Sri Lanka,-2386655159.21,0.51
2008-06-25,Lahore,101,126,1,Bangladesh,Sri Lanka,7.485148514851486,Sri Lanka,Bangladesh,Sri Lanka,-2386655159.21,0.51
2008-06-25,Lahore,102,127,1,Bangladesh,Sri Lanka,7.470588235294118,Sri Lanka,Bangladesh,Sri Lanka,-2386655159.21,0.51
2008-06-25,Lahore,103,127,1,Bangladesh,Sri Lanka,7.398058252427185,Sri Lanka,Bangladesh,Sri Lanka,-2386655159.21,0.51
2008-06-25,Lahore,104,127,1,Bangladesh,Sri Lanka,7.326923076923077,Sri Lanka,Bangladesh,Sri Lanka,-2386655159.21,0.51
2008-06-25,Lahore,105,131,1,Bangladesh,Sri Lanka,7.485714285714286,Sri Lanka,Bangladesh,Sri Lanka,-2386655159.21,0.51
2008-06-25,Lahore,106,135,1,Bangladesh,Sri Lanka,7.6415094339622645,Sri Lanka,Bangladesh,Sri Lanka,-2386655159.21,0.51
2008-06-25,Lahore,107,139,1,Bangladesh,Sri Lanka,7.794392523364486,Sri Lanka,Bangladesh,Sri Lanka,-2386655159.21,0.51
2008-06-25,Lahore,108,139,1,Bangladesh,Sri Lanka,7.722222222222222,Sri Lanka,Bangladesh,Sri Lanka,-2386655159.21,0.51
2008-06-25,Lahore,109,143,1,Bangladesh,Sri Lanka,7.871559633027523,Sri Lanka,Bangladesh,Sri Lanka,-2386655159.21,0.51
2008-06-25,Lahore,110,143,1,Bangladesh,Sri Lanka,7.8,Sri Lanka,Bangladesh,Sri Lanka,-2386655159.21,0.51
2008-06-25,Lahore,111,144,1,Bangladesh,Sri Lanka,7.783783783783784,Sri Lanka,Bangladesh,Sri Lanka,-2386655159.21,0.51
2008-06-25,Lahore,112,144,1,Bangladesh,Sri Lanka,7.714285714285714,Sri Lanka,Bangladesh,Sri Lanka,-2386655159.21,0.51
2008-06-25,Lahore,113,146,1,Bangladesh,Sri Lanka,7.752212389380531,Sri Lanka,Bangladesh,Sri Lanka,-2386655159.21,0.51
2008-06-25,Lahore,114,147,1,Bangladesh,Sri Lanka,7.7368421052631575,Sri Lanka,Bangladesh,Sri Lanka,-2386655159.21,0.51
2008-06-25,Lahore,115,148,1,Bangladesh,Sri Lanka,7.721739130434782,Sri Lanka,Bangladesh,Sri Lanka,-2386655159.21,0.51
2008-06-25,Lahore,116,152,1,Bangladesh,Sri Lanka,7.862068965517241,Sri Lanka,Bangladesh,Sri Lanka,-2386655159.21,0.51
2008-06-25,Lahore,117,156,1,Bangladesh,Sri Lanka,8.0,Sri Lanka,Bangladesh,Sri Lanka,-2386655159.21,0.51
2008-06-25,Lahore,118,160,1,Bangladesh,Sri Lanka,8.135593220338983,Sri Lanka,Bangladesh,Sri Lanka,-2386655159.21,0.51
2008-06-25,Lahore,119,160,1,Bangladesh,Sri Lanka,8.067226890756302,Sri Lanka,Bangladesh,Sri Lanka,-2386655159.21,0.51
2008-06-25,Lahore,120,164,1,Bangladesh,Sri Lanka,8.2,Sri Lanka,Bangladesh,Sri Lanka,-2386655159.21,0.51
2008-06-25,Lahore,120,168,1,Bangladesh,Sri Lanka,8.4,Sri Lanka,Bangladesh,Sri Lanka,-2386655159.21,0.51
2008-06-25,Lahore,121,168,1,Bangladesh,Sri Lanka,8.330578512396695,Sri Lanka,Bangladesh,Sri Lanka,-2386655159.21,0.51
2008-06-25,Lahore,122,168,1,Bangladesh,Sri Lanka,8.262295081967213,Sri Lanka,Bangladesh,Sri Lanka,-2386655159.21,0.51
2008-06-25,Lahore,123,169,1,Bangladesh,Sri Lanka,8.24390243902439,Sri Lanka,Bangladesh,Sri Lanka,-2386655159.21,0.51
2008-06-25,Lahore,124,170,1,Bangladesh,Sri Lanka,8.225806451612904,Sri Lanka,Bangladesh,Sri Lanka,-2386655159.21,0.51
2008-06-25,Lahore,125,170,1,Bangladesh,Sri Lanka,8.16,Sri Lanka,Bangladesh,Sri Lanka,-2386655159.21,0.51
2008-06-25,Lahore,126,170,2,Bangladesh,Sri Lanka,8.095238095238095,Sri Lanka,Bangladesh,Sri Lanka,-2386655159.21,1.01
2008-06-25,Lahore,127,171,2,Bangladesh,Sri Lanka,8.078740157480315,Sri Lanka,Bangladesh,Sri Lanka,-2386655159.21,1.01
2008-06-25,Lahore,128,171,2,Bangladesh,Sri Lanka,8.015625,Sri Lanka,Bangladesh,Sri Lanka,-2386655159.21,1.01
2008-06-25,Lahore,129,175,2,Bangladesh,Sri Lanka,8.13953488372093,Sri Lanka,Bangladesh,Sri Lanka,-2386655159.21,1.01
2008-06-25,Lahore,130,175,2,Bangladesh,Sri Lanka,8.076923076923077,Sri Lanka,Bangladesh,Sri Lanka,-2386655159.21,1.01
2008-06-25,Lahore,131,175,2,Bangladesh,Sri Lanka,8.01526717557252,Sri Lanka,Bangladesh,Sri Lanka,-2386655159.21,1.01
2008-06-25,Lahore,132,175,2,Bangladesh,Sri Lanka,7.954545454545454,Sri Lanka,Bangladesh,Sri Lanka,-2386655159.21,1.01
2008-06-25,Lahore,133,177,2,Bangladesh,Sri Lanka,7.984962406015038,Sri Lanka,Bangladesh,Sri Lanka,-2386655159.21,1.01
2008-06-25,Lahore,134,177,2,Bangladesh,Sri Lanka,7.925373134328358,Sri Lanka,Bangladesh,Sri Lanka,-2386655159.21,1.01
2008-06-25,Lahore,135,178,2,Bangladesh,Sri Lanka,7.911111111111111,Sri Lanka,Bangladesh,Sri Lanka,-2386655159.21,1.01
2008-06-25,Lahore,136,179,2,Bangladesh,Sri Lanka,7.897058823529412,Sri Lanka,Bangladesh,Sri Lanka,-2386655159.21,1.01
2008-06-25,Lahore,137,179,2,Bangladesh,Sri Lanka,7.839416058394161,Sri Lanka,Bangladesh,Sri Lanka,-2386655159.21,1.01
2008-06-25,Lahore,138,179,2,Bangladesh,Sri Lanka,7.782608695652174,Sri Lanka,Bangladesh,Sri Lanka,-2386655159.21,1.01
2008-06-25,Lahore,139,180,2,Bangladesh,Sri Lanka,7.76978417266187,Sri Lanka,Bangladesh,Sri Lanka,-2386655159.21,1.01
2008-06-25,Lahore,140,181,2,Bangladesh,Sri Lanka,7.757142857142857,Sri Lanka,Bangladesh,Sri Lanka,-2386655159.21,1.01
2008-06-25,Lahore,141,187,2,Bangladesh,Sri Lanka,7.957446808510638,Sri Lanka,Bangladesh,Sri Lanka,-2386655159.21,1.01
2008-06-25,Lahore,142,188,2,Bangladesh,Sri Lanka,7.943661971830986,Sri Lanka,Bangladesh,Sri Lanka,-2386655159.21,1.01
2008-06-25,Lahore,143,189,2,Bangladesh,Sri Lanka,7.93006993006993,Sri Lanka,Bangladesh,Sri Lanka,-2386655159.21,1.01
2008-06-25,Lahore,144,189,2,Bangladesh,Sri Lanka,7.875,Sri Lanka,Bangladesh,Sri Lanka,-2386655159.21,1.01
2008-06-25,Lahore,145,190,2,Bangladesh,Sri Lanka,7.862068965517241,Sri Lanka,Bangladesh,Sri Lanka,-2386655159.21,1.01
2008-06-25,Lahore,146,190,2,Bangladesh,Sri Lanka,7.808219178082192,Sri Lanka,Bangladesh,Sri Lanka,-2386655159.21,1.01
2008-06-25,Lahore,147,191,2,Bangladesh,Sri Lanka,7.795918367346939,Sri Lanka,Bangladesh,Sri Lanka,-2386655159.21,1.01
2008-06-25,Lahore,148,192,2,Bangladesh,Sri Lanka,7.783783783783784,Sri Lanka,Bangladesh,Sri Lanka,-2386655159.21,1.01
2008-06-25,Lahore,149,193,2,Bangladesh,Sri Lanka,7.771812080536913,Sri Lanka,Bangladesh,Sri Lanka,-2386655159.21,1.01
2008-06-25,Lahore,150,193,2,Bangladesh,Sri Lanka,7.72,Sri Lanka,Bangladesh,Sri Lanka,-2386655159.21,1.01
2008-06-25,Lahore,150,193,2,Bangladesh,Sri Lanka,7.72,Sri Lanka,Bangladesh,Sri Lanka,-2386655159.21,1.01
2008-06-25,Lahore,151,193,2,Bangladesh,Sri Lanka,7.66887417218543,Sri Lanka,Bangladesh,Sri Lanka,-2386655159.21,1.01
2008-06-25,Lahore,152,194,2,Bangladesh,Sri Lanka,7.657894736842105,Sri Lanka,Bangladesh,Sri Lanka,-2386655159.21,1.01
2008-06-25,Lahore,153,195,2,Bangladesh,Sri Lanka,7.647058823529412,Sri Lanka,Bangladesh,Sri Lanka,-2386655159.21,1.01
2008-06-25,Lahore,154,197,2,Bangladesh,Sri Lanka,7.675324675324675,Sri Lanka,Bangladesh,Sri Lanka,-2386655159.21,1.01
2008-06-25,Lahore,155,197,2,Bangladesh,Sri Lanka,7.625806451612903,Sri Lanka,Bangladesh,Sri Lanka,-2386655159.21,1.01
2008-06-25,Lahore,156,198,2,Bangladesh,Sri Lanka,7.615384615384615,Sri Lanka,Bangladesh,Sri Lanka,-2386655159.21,1.01
2008-06-25,Lahore,157,202,2,Bangladesh,Sri Lanka,7.719745222929936,Sri Lanka,Bangladesh,Sri Lanka,-2386655159.21,1.01
2008-06-25,Lahore,158,206,2,Bangladesh,Sri Lanka,7.822784810126582,Sri Lanka,Bangladesh,Sri Lanka,-2386655159.21,1.01
2008-06-25,Lahore,159,206,2,Bangladesh,Sri Lanka,7.773584905660377,Sri Lanka,Bangladesh,Sri Lanka,-2386655159.21,1.01
2008-06-25,Lahore,160,207,2,Bangladesh,Sri Lanka,7.7625,Sri Lanka,Bangladesh,Sri Lanka,-2386655159.21,1.01
2008-06-25,Lahore,161,207,2,Bangladesh,Sri Lanka,7.714285714285714,Sri Lanka,Bangladesh,Sri Lanka,-2386655159.21,1.01
2008-06-25,Lahore,162,209,2,Bangladesh,Sri Lanka,7.7407407407407405,Sri Lanka,Bangladesh,Sri Lanka,-2386655159.21,1.01
2008-06-25,Lahore,163,210,2,Bangladesh,Sri Lanka,7.730061349693251,Sri Lanka,Bangladesh,Sri Lanka,-2386655159.21,1.01
2008-06-25,Lahore,164,210,2,Bangladesh,Sri Lanka,7.682926829268292,Sri Lanka,Bangladesh,Sri Lanka,-2386655159.21,1.01
2008-06-25,Lahore,165,211,2,Bangladesh,Sri Lanka,7.672727272727273,Sri Lanka,Bangladesh,Sri Lanka,-2386655159.21,1.01
2008-06-25,Lahore,166,211,2,Bangladesh,Sri Lanka,7.626506024096385,Sri Lanka,Bangladesh,Sri Lanka,-2386655159.21,1.01
2008-06-25,Lahore,167,211,3,Bangladesh,Sri Lanka,7.580838323353293,Sri Lanka,Bangladesh,Sri Lanka,-2386655159.21,1.43
2008-06-25,Lahore,168,211,3,Bangladesh,Sri Lanka,7.535714285714286,Sri Lanka,Bangladesh,Sri Lanka,-2386655159.21,1.43
2008-06-25,Lahore,169,211,3,Bangladesh,Sri Lanka,7.491124260355029,Sri Lanka,Bangladesh,Sri Lanka,-2386655159.21,1.43
2008-06-25,Lahore,170,211,3,Bangladesh,Sri Lanka,7.447058823529412,Sri Lanka,Bangladesh,Sri Lanka,-2386655159.21,1.43
2008-06-25,Lahore,171,212,3,Bangladesh,Sri Lanka,7.43859649122807,Sri Lanka,Bangladesh,Sri Lanka,-2386655159.21,1.43
2008-06-25,Lahore,172,213,3,Bangladesh,Sri Lanka,7.430232558139535,Sri Lanka,Bangladesh,Sri Lanka,-2386655159.21,1.43
2008-06-25,Lahore,173,214,3,Bangladesh,Sri Lanka,7.421965317919075,Sri Lanka,Bangladesh,Sri Lanka,-2386655159.21,1.43
2008-06-25,Lahore,174,214,3,Bangladesh,Sri Lanka,7.379310344827586,Sri Lanka,Bangladesh,Sri Lanka,-2386655159.21,1.43
2008-06-25,Lahore,174,215,3,Bangladesh,Sri Lanka,7.413793103448276,Sri Lanka,Bangladesh,Sri Lanka,-2386655159.21,1.43
2008-06-25,Lahore,175,216,3,Bangladesh,Sri Lanka,7.405714285714286,Sri Lanka,Bangladesh,Sri Lanka,-2386655159.21,1.43
2008-06-25,Lahore,176,216,3,Bangladesh,Sri Lanka,7.363636363636363,Sri Lanka,Bangladesh,Sri Lanka,-2386655159.21,1.43
2008-06-25,Lahore,177,217,3,Bangladesh,Sri Lanka,7.3559322033898304,Sri Lanka,Bangladesh,Sri Lanka,-2386655159.21,1.43
2008-06-25,Lahore,178,218,3,Bangladesh,Sri Lanka,7.348314606741573,Sri Lanka,Bangladesh,Sri Lanka,-2386655159.21,1.43
2008-06-25,Lahore,179,218,3,Bangladesh,Sri Lanka,7.307262569832402,Sri Lanka,Bangladesh,Sri Lanka,-2386655159.21,1.43
2008-06-25,Lahore,180,220,3,Bangladesh,Sri Lanka,7.333333333333333,Sri Lanka,Bangladesh,Sri Lanka,-2386655159.21,1.43
2008-06-25,Lahore,181,220,3,Bangladesh,Sri Lanka,7.292817679558011,Sri Lanka,Bangladesh,Sri Lanka,-2386655159.21,1.43
2008-06-25,Lahore,182,220,3,Bangladesh,Sri Lanka,7.252747252747253,Sri Lanka,Bangladesh,Sri Lanka,-2386655159.21,1.43
2008-06-25,Lahore,183,224,3,Bangladesh,Sri Lanka,7.344262295081967,Sri Lanka,Bangladesh,Sri Lanka,-2386655159.21,1.43
2008-06-25,Lahore,184,224,3,Bangladesh,Sri Lanka,7.304347826086956,Sri Lanka,Bangladesh,Sri Lanka,-2386655159.21,1.43
2008-06-25,Lahore,185,228,3,Bangladesh,Sri Lanka,7.394594594594595,Sri Lanka,Bangladesh,Sri Lanka,-2386655159.21,1.43
2008-06-25,Lahore,186,231,3,Bangladesh,Sri Lanka,7.451612903225806,Sri Lanka,Bangladesh,Sri Lanka,-2386655159.21,1.43
2008-06-25,Lahore,187,232,3,Bangladesh,Sri Lanka,7.44385026737968,Sri Lanka,Bangladesh,Sri Lanka,-2386655159.21,1.43
2008-06-25,Lahore,188,233,3,Bangladesh,Sri Lanka,7.4361702127659575,Sri Lanka,Bangladesh,Sri Lanka,-2386655159.21,1.43
2008-06-25,Lahore,189,234,3,Bangladesh,Sri Lanka,7.428571428571429,Sri Lanka,Bangladesh,Sri Lanka,-2386655159.21,1.43
2008-06-25,Lahore,190,234,3,Bangladesh,Sri Lanka,7.389473684210526,Sri Lanka,Bangladesh,Sri Lanka,-2386655159.21,1.43
2008-06-25,Lahore,191,235,3,Bangladesh,Sri Lanka,7.382198952879581,Sri Lanka,Bangladesh,Sri Lanka,-2386655159.21,1.43
2008-06-25,Lahore,192,237,3,Bangladesh,Sri Lanka,7.40625,Sri Lanka,Bangladesh,Sri Lanka,-2386655159.21,1.43
2008-06-25,Lahore,192,237,3,Bangladesh,Sri Lanka,7.40625,Sri Lanka,Bangladesh,Sri Lanka,-2386655159.21,1.43
2008-06-25,Lahore,193,238,3,Bangladesh,Sri Lanka,7.398963730569948,Sri Lanka,Bangladesh,Sri Lanka,-2386655159.21,1.43
2008-06-25,Lahore,194,239,3,Bangladesh,Sri Lanka,7.391752577319588,Sri Lanka,Bangladesh,Sri Lanka,-2386655159.21,1.43
2008-06-25,Lahore,195,240,3,Bangladesh,Sri Lanka,7.384615384615385,Sri Lanka,Bangladesh,Sri Lanka,-2386655159.21,1.43
2008-06-25,Lahore,196,242,3,Bangladesh,Sri Lanka,7.408163265306122,Sri Lanka,Bangladesh,Sri Lanka,-2386655159.21,1.43
2008-06-25,Lahore,197,242,3,Bangladesh,Sri Lanka,7.370558375634518,Sri Lanka,Bangladesh,Sri Lanka,-2386655159.21,1.43
2008-06-25,Lahore,198,242,3,Bangladesh,Sri Lanka,7.333333333333333,Sri Lanka,Bangladesh,Sri Lanka,-2386655159.21,1.43
2008-06-25,Lahore,199,242,3,Bangladesh,Sri Lanka,7.296482412060302,Sri Lanka,Bangladesh,Sri Lanka,-2386655159.21,1.43
2008-06-25,Lahore,200,243,3,Bangladesh,Sri Lanka,7.29,Sri Lanka,Bangladesh,Sri Lanka,-2386655159.21,1.43
2008-06-25,Lahore,201,243,3,Bangladesh,Sri Lanka,7.253731343283582,Sri Lanka,Bangladesh,Sri Lanka,-2386655159.21,1.43
2008-06-25,Lahore,202,243,3,Bangladesh,Sri Lanka,7.217821782178218,Sri Lanka,Bangladesh,Sri Lanka,-2386655159.21,1.43
2008-06-25,Lahore,203,244,3,Bangladesh,Sri Lanka,7.211822660098522,Sri Lanka,Bangladesh,Sri Lanka,-2386655159.21,1.43
2008-06-25,Lahore,204,245,3,Bangladesh,Sri Lanka,7.205882352941177,Sri Lanka,Bangladesh,Sri Lanka,-2386655159.21,1.43
2008-06-25,Lahore,205,246,3,Bangladesh,Sri Lanka,7.2,Sri Lanka,Bangladesh,Sri Lanka,-2386655159.21,1.43
2008-06-25,Lahore,206,248,3,Bangladesh,Sri Lanka,7.223300970873787,Sri Lanka,Bangladesh,Sri Lanka,-2386655159.21,1.43
2008-06-25,Lahore,207,249,3,Bangladesh,Sri Lanka,7.217391304347826,Sri Lanka,Bangladesh,Sri Lanka,-2386655159.21,1.43
2008-06-25,Lahore,208,253,3,Bangladesh,Sri Lanka,7.298076923076923,Sri Lanka,Bangladesh,Sri Lanka,-2386655159.21,1.43
2008-06-25,Lahore,209,255,3,Bangladesh,Sri Lanka,7.320574162679426,Sri Lanka,Bangladesh,Sri Lanka,-2386655159.21,1.43
2008-06-25,Lahore,210,255,3,Bangladesh,Sri Lanka,7.285714285714286,Sri Lanka,Bangladesh,Sri Lanka,-2386655159.21,1.43
2008-06-25,Lahore,211,256,3,Bangladesh,Sri Lanka,7.279620853080568,Sri Lanka,Bangladesh,Sri Lanka,-2386655159.21,1.43
2008-06-25,Lahore,212,257,3,Bangladesh,Sri Lanka,7.273584905660377,Sri Lanka,Bangladesh,Sri Lanka,-2386655159.21,1.43
2008-06-25,Lahore,213,258,3,Bangladesh,Sri Lanka,7.267605633802817,Sri Lanka,Bangladesh,Sri Lanka,-2386655159.21,1.43
2008-06-25,Lahore,214,259,3,Bangladesh,Sri Lanka,7.261682242990654,Sri Lanka,Bangladesh,Sri Lanka,-2386655159.21,1.43
2008-06-25,Lahore,215,261,3,Bangladesh,Sri Lanka,7.283720930232558,Sri Lanka,Bangladesh,Sri Lanka,-2386655159.21,1.43
2008-06-25,Lahore,216,262,3,Bangladesh,Sri Lanka,7.277777777777778,Sri Lanka,Bangladesh,Sri Lanka,-2386655159.21,1.43
2008-06-25,Lahore,217,263,3,Bangladesh,Sri Lanka,7.271889400921659,Sri Lanka,Bangladesh,Sri Lanka,-2386655159.21,1.43
2008-06-25,Lahore,218,263,3,Bangladesh,Sri Lanka,7.238532110091743,Sri Lanka,Bangladesh,Sri Lanka,-2386655159.21,1.43
2008-06-25,Lahore,219,263,3,Bangladesh,Sri Lanka,7.205479452054795,Sri Lanka,Bangladesh,Sri Lanka,-2386655159.21,1.43
2008-06-25,Lahore,220,264,3,Bangladesh,Sri Lanka,7.2,Sri Lanka,Bangladesh,Sri Lanka,-2386655159.21,1.43
2008-06-25,Lahore,221,264,4,Bangladesh,Sri Lanka,7.167420814479638,Sri Lanka,Bangladesh,Sri Lanka,-2386655159.21,1.5
2008-06-25,Lahore,222,264,4,Bangladesh,Sri Lanka,7.135135135135135,Sri Lanka,Bangladesh,Sri Lanka,-2386655159.21,1.5
2008-06-25,Lahore,223,266,4,Bangladesh,Sri Lanka,7.15695067264574,Sri Lanka,Bangladesh,Sri Lanka,-2386655159.21,1.5
2008-06-25,Lahore,224,267,4,Bangladesh,Sri Lanka,7.151785714285714,Sri Lanka,Bangladesh,Sri Lanka,-2386655159.21,1.5
2008-06-25,Lahore,225,268,4,Bangladesh,Sri Lanka,7.1466666666666665,Sri Lanka,Bangladesh,Sri Lanka,-2386655159.21,1.5
2008-06-25,Lahore,226,270,4,Bangladesh,Sri Lanka,7.168141592920354,Sri Lanka,Bangladesh,Sri Lanka,-2386655159.21,1.5
2008-06-25,Lahore,227,270,4,Bangladesh,Sri Lanka,7.136563876651983,Sri Lanka,Bangladesh,Sri Lanka,-2386655159.21,1.5
2008-06-25,Lahore,228,270,4,Bangladesh,Sri Lanka,7.105263157894737,Sri Lanka,Bangladesh,Sri Lanka,-2386655159.21,1.5
2008-06-25,Lahore,229,271,4,Bangladesh,Sri Lanka,7.100436681222708,Sri Lanka,Bangladesh,Sri Lanka,-2386655159.21,1.5
2008-06-25,Lahore,230,271,4,Bangladesh,Sri Lanka,7.069565217391304,Sri Lanka,Bangladesh,Sri Lanka,-2386655159.21,1.5
2008-06-25,Lahore,231,273,4,Bangladesh,Sri Lanka,7.090909090909091,Sri Lanka,Bangladesh,Sri Lanka,-2386655159.21,1.5
2008-06-25,Lahore,232,279,4,Bangladesh,Sri Lanka,7.2155172413793105,Sri Lanka,Bangladesh,Sri Lanka,-2386655159.21,1.5
2008-06-25,Lahore,233,279,4,Bangladesh,Sri Lanka,7.184549356223176,Sri Lanka,Bangladesh,Sri Lanka,-2386655159.21,1.5
2008-06-25,Lahore,234,280,4,Bangladesh,Sri Lanka,7.17948717948718,Sri Lanka,Bangladesh,Sri Lanka,-2386655159.21,1.5
2008-06-25,Lahore,234,281,4,Bangladesh,Sri Lanka,7.205128205128205,Sri Lanka,Bangladesh,Sri Lanka,-2386655159.21,1.5
2008-06-25,Lahore,235,282,4,Bangladesh,Sri Lanka,7.2,Sri Lanka,Bangladesh,Sri Lanka,-2386655159.21,1.5
2008-06-25,Lahore,236,284,4,Bangladesh,Sri Lanka,7.220338983050848,Sri Lanka,Bangladesh,Sri Lanka,-2386655159.21,1.5
2008-06-25,Lahore,237,286,4,Bangladesh,Sri Lanka,7.2405063291139244,Sri Lanka,Bangladesh,Sri Lanka,-2386655159.21,1.5
2008-06-25,Lahore,238,288,4,Bangladesh,Sri Lanka,7.260504201680672,Sri Lanka,Bangladesh,Sri Lanka,-2386655159.21,1.5
2008-06-25,Lahore,239,290,4,Bangladesh,Sri Lanka,7.2803347280334725,Sri Lanka,Bangladesh,Sri Lanka,-2386655159.21,1.5
2008-06-25,Lahore,240,291,4,Bangladesh,Sri Lanka,7.275,Sri Lanka,Bangladesh,Sri Lanka,-2386655159.21,1.5
2008-06-25,Lahore,241,292,4,Bangladesh,Sri Lanka,7.269709543568465,Sri Lanka,Bangladesh,Sri Lanka,-2386655159.21,1.5
2008-06-25,Lahore,242,296,4,Bangladesh,Sri Lanka,7.338842975206612,Sri Lanka,Bangladesh,Sri Lanka,-2386655159.21,1.5
2008-06-25,Lahore,243,298,4,Bangladesh,Sri Lanka,7.3580246913580245,Sri Lanka,Bangladesh,Sri Lanka,-2386655159.21,1.5
2008-06-25,Lahore,244,300,4,Bangladesh,Sri Lanka,7.377049180327869,Sri Lanka,Bangladesh,Sri Lanka,-2386655159.21,1.5
2008-06-25,Lahore,245,300,4,Bangladesh,Sri Lanka,7.346938775510204,Sri Lanka,Bangladesh,Sri Lanka,-2386655159.21,1.5
2008-06-25,Lahore,246,301,4,Bangladesh,Sri Lanka,7.341463414634147,Sri Lanka,Bangladesh,Sri Lanka,-2386655159.21,1.5
2008-06-25,Lahore,247,303,4,Bangladesh,Sri Lanka,7.3603238866396765,Sri Lanka,Bangladesh,Sri Lanka,-2386655159.21,1.5
2008-06-25,Lahore,248,303,5,Bangladesh,Sri Lanka,7.330645161290323,Sri Lanka,Bangladesh,Sri Lanka,-2386655159.21,1.66
2008-06-25,Lahore,249,304,5,Bangladesh,Sri Lanka,7.325301204819277,Sri Lanka,Bangladesh,Sri Lanka,-2386655159.21,1.66
2008-06-25,Lahore,250,305,5,Bangladesh,Sri Lanka,7.32,Sri Lanka,Bangladesh,Sri Lanka,-2386655159.21,1.66
2008-06-25,Lahore,251,305,5,Bangladesh,Sri Lanka,7.290836653386454,Sri Lanka,Bangladesh,Sri Lanka,-2386655159.21,1.66
2008-06-25,Lahore,252,305,5,Bangladesh,Sri Lanka,7.261904761904762,Sri Lanka,Bangladesh,Sri Lanka,-2386655159.21,1.66
2008-06-25,Lahore,253,305,5,Bangladesh,Sri Lanka,7.233201581027668,Sri Lanka,Bangladesh,Sri Lanka,-2386655159.21,1.66
2008-06-25,Lahore,254,306,5,Bangladesh,Sri Lanka,7.228346456692913,Sri Lanka,Bangladesh,Sri Lanka,-2386655159.21,1.66
2008-06-25,Lahore,255,307,5,Bangladesh,Sri Lanka,7.223529411764706,Sri Lanka,Bangladesh,Sri Lanka,-2386655159.21,1.66
2008-06-25,Lahore,256,308,5,Bangladesh,Sri Lanka,7.21875,Sri Lanka,Bangladesh,Sri Lanka,-2386655159.21,1.66
2008-06-25,Lahore,257,309,5,Bangladesh,Sri Lanka,7.214007782101167,Sri Lanka,Bangladesh,Sri Lanka,-2386655159.21,1.66
2008-06-25,Lahore,258,309,5,Bangladesh,Sri Lanka,7.186046511627907,Sri Lanka,Bangladesh,Sri Lanka,-2386655159.21,1.66
2008-06-25,Lahore,258,309,5,Bangladesh,Sri Lanka,7.186046511627907,Sri Lanka,Bangladesh,Sri Lanka,-2386655159.21,1.66
2008-06-25,Lahore,259,309,5,Bangladesh,Sri Lanka,7.158301158301159,Sri Lanka,Bangladesh,Sri Lanka,-2386655159.21,1.66
2008-06-25,Lahore,260,310,5,Bangladesh,Sri Lanka,7.153846153846154,Sri Lanka,Bangladesh,Sri Lanka,-2386655159.21,1.66
2008-06-25,Lahore,261,310,5,Bangladesh,Sri Lanka,7.126436781609195,Sri Lanka,Bangladesh,Sri Lanka,-2386655159.21,1.66
2008-06-25,Lahore,262,311,5,Bangladesh,Sri Lanka,7.122137404580153,Sri Lanka,Bangladesh,Sri Lanka,-2386655159.21,1.66
2008-06-25,Lahore,263,312,5,Bangladesh,Sri Lanka,7.11787072243346,Sri Lanka,Bangladesh,Sri Lanka,-2386655159.21,1.66
2008-06-25,Lahore,264,313,5,Bangladesh,Sri Lanka,7.113636363636363,Sri Lanka,Bangladesh,Sri Lanka,-2386655159.21,1.66
2008-06-25,Lahore,265,315,5,Bangladesh,Sri Lanka,7.132075471698113,Sri Lanka,Bangladesh,Sri Lanka,-2386655159.21,1.66
2008-06-25,Lahore,266,315,5,Bangladesh,Sri Lanka,7.105263157894737,Sri Lanka,Bangladesh,Sri Lanka,-2386655159.21,1.66
2008-06-25,Lahore,267,316,5,Bangladesh,Sri Lanka,7.101123595505618,Sri Lanka,Bangladesh,Sri Lanka,-2386655159.21,1.66
2008-06-25,Lahore,268,317,5,Bangladesh,Sri Lanka,7.097014925373134,Sri Lanka,Bangladesh,Sri Lanka,-2386655159.21,1.66
2008-06-25,Lahore,269,317,5,Bangladesh,Sri Lanka,7.070631970260223,Sri Lanka,Bangladesh,Sri Lanka,-2386655159.21,1.66
2008-06-25,Lahore,270,318,5,Bangladesh,Sri Lanka,7.066666666666666,Sri Lanka,Bangladesh,Sri Lanka,-2386655159.21,1.66
2008-06-25,Lahore,271,319,5,Bangladesh,Sri Lanka,7.062730627306273,Sri Lanka,Bangladesh,Sri Lanka,-2386655159.21,1.66
2008-06-25,Lahore,272,321,5,Bangladesh,Sri Lanka,7.080882352941177,Sri Lanka,Bangladesh,Sri Lanka,-2386655159.21,1.66
2008-06-25,Lahore,273,322,5,Bangladesh,Sri Lanka,7.076923076923077,Sri Lanka,Bangladesh,Sri Lanka,-2386655159.21,1.66
2008-06-25,Lahore,274,323,5,Bangladesh,Sri Lanka,7.072992700729927,Sri Lanka,Bangladesh,Sri Lanka,-2386655159.21,1.66
2008-06-25,Lahore,275,323,5,Bangladesh,Sri Lanka,7.047272727272727,Sri Lanka,Bangladesh,Sri Lanka,-2386655159.21,1.66
2008-06-25,Lahore,276,324,5,Bangladesh,Sri Lanka,7.043478260869565,Sri Lanka,Bangladesh,Sri Lanka,-2386655159.21,1.66
2008-06-25,Lahore,276,328,5,Bangladesh,Sri Lanka,7.130434782608695,Sri Lanka,Bangladesh,Sri Lanka,-2386655159.21,1.66
2008-06-25,Lahore,277,329,5,Bangladesh,Sri Lanka,7.126353790613718,Sri Lanka,Bangladesh,Sri Lanka,-2386655159.21,1.66
2008-06-25,Lahore,278,330,5,Bangladesh,Sri Lanka,7.122302158273381,Sri Lanka,Bangladesh,Sri Lanka,-2386655159.21,1.66
2008-06-25,Lahore,279,330,5,Bangladesh,Sri Lanka,7.096774193548387,Sri Lanka,Bangladesh,Sri Lanka,-2386655159.21,1.66
2008-06-25,Lahore,280,330,6,Bangladesh,Sri Lanka,7.071428571428571,Sri Lanka,Bangladesh,Sri Lanka,-2386655159.21,1.2
2008-06-25,Lahore,281,332,6,Bangladesh,Sri Lanka,7.088967971530249,Sri Lanka,Bangladesh,Sri Lanka,-2386655159.21,1.2
2008-06-25,Lahore,282,333,6,Bangladesh,Sri Lanka,7.085106382978723,Sri Lanka,Bangladesh,Sri Lanka,-2386655159.21,1.2
2008-06-25,Lahore,283,334,6,Bangladesh,Sri Lanka,7.081272084805653,Sri Lanka,Bangladesh,Sri Lanka,-2386655159.21,1.2
2008-06-25,Lahore,284,334,6,Bangladesh,Sri Lanka,7.056338028169014,Sri Lanka,Bangladesh,Sri Lanka,-2386655159.21,1.2
2008-06-25,Lahore,285,335,6,Bangladesh,Sri Lanka,7.052631578947368,Sri Lanka,Bangladesh,Sri Lanka,-2386655159.21,1.2
2008-06-25,Lahore,286,336,6,Bangladesh,Sri Lanka,7.048951048951049,Sri Lanka,Bangladesh,Sri Lanka,-2386655159.21,1.2
2008-06-25,Lahore,287,336,7,Bangladesh,Sri Lanka,7.024390243902439,Sri Lanka,Bangladesh,Sri Lanka,-2386655159.21,1.3
2008-06-25,Lahore,288,336,7,Bangladesh,Sri Lanka,7.0,Sri Lanka,Bangladesh,Sri Lanka,-2386655159.21,1.3
2008-06-25,Lahore,289,336,7,Bangladesh,Sri Lanka,6.975778546712803,Sri Lanka,Bangladesh,Sri Lanka,-2386655159.21,1.3
2008-06-25,Lahore,290,337,7,Bangladesh,Sri Lanka,6.972413793103448,Sri Lanka,Bangladesh,Sri Lanka,-2386655159.21,1.3
2008-06-25,Lahore,291,337,8,Bangladesh,Sri Lanka,6.948453608247423,Sri Lanka,Bangladesh,Sri Lanka,-2386655159.21,1.85
2008-06-25,Lahore,292,338,8,Bangladesh,Sri Lanka,6.945205479452055,Sri Lanka,Bangladesh,Sri Lanka,-2386655159.21,1.85
2008-06-25,Lahore,293,339,8,Bangladesh,Sri Lanka,6.9419795221843,Sri Lanka,Bangladesh,Sri Lanka,-2386655159.21,1.85
2008-06-25,Lahore,294,343,8,Bangladesh,Sri Lanka,7.0,Sri Lanka,Bangladesh,Sri Lanka,-2386655159.21,1.85
2008-06-25,Lahore,295,347,8,Bangladesh,Sri Lanka,7.057627118644068,Sri Lanka,Bangladesh,Sri Lanka,-2386655159.21,1.85
2008-06-25,Lahore,296,347,9,Bangladesh,Sri Lanka,7.033783783783784,Sri Lanka,Bangladesh,Sri Lanka,-2386655159.21,2.08
2008-06-25,Lahore,297,351,9,Bangladesh,Sri Lanka,7.090909090909091,Sri Lanka,Bangladesh,Sri Lanka,-2386655159.21,2.08
2008-06-25,Lahore,298,353,9,Bangladesh,Sri Lanka,7.10738255033557,Sri Lanka,Bangladesh,Sri Lanka,-2386655159.21,2.08
2008-06-25,Lahore,299,355,9,Bangladesh,Sri Lanka,7.1237458193979935,Sri Lanka,Bangladesh,Sri Lanka,-2386655159.21,2.08
2008-06-25,Lahore,300,357,9,Bangladesh,Sri Lanka,7.14,Sri Lanka,Bangladesh,Sri Lanka,-2386655159.21,2.08
